# level assignment, log likelihood, tiebreaker, ID.
1 -3002.93411099 0.50097832696 14
3 -564.548908617 0.807948832757 3
4 -318.668922252 0.893480245564 13
4 -323.289714542 0.161467742021 9
4 -361.943807018 0.0444460799802 11
3 -495.348520542 0.56718719315 9
4 -316.845915509 0.478343003518 1
4 -367.486564148 0.866367810277 3
4 -339.462525548 0.977367934411 4
0 -221584491.656 0.80321064361 4
4 -338.838052259 0.144207074403 4
5 -328.547796097 0.358630544602 15
5 -332.304580048 0.0127272389128 10
4 -340.17117204 0.0154796239348 15
5 -316.466157371 0.817195323904 5
10 -307.4024781 0.313501205598 11
3 -541.412958022 0.77569497677 2
8 -307.703108466 0.257553579397 7
4 -366.513622527 0.908940575044 13
13 -306.330639384 0.0335722023138 13
11 -307.285623309 0.00766037482454 13
4 -354.82558502 0.618455779274 8
11 -305.610382441 0.0502267641841 14
5 -331.414169756 0.759249146236 1
15 -300.591967073 0.65929731912 8
12 -307.310721523 0.451107358413 2
16 -296.853960539 0.671069140302 9
4 -399.613614063 0.510683538579 14
13 -305.007233568 0.45694426429 5
16 -299.057402641 0.486554121168 1
19 -279.884565266 0.16144439362 2
20 -271.417222211 0.721485262047 5
17 -290.281694649 0.869029416518 10
21 -263.869280841 0.572219094426 13
19 -276.80694031 0.683698807513 4
19 -279.965972327 0.943594891056 13
18 -282.610317857 0.532720952711 14
11 -307.165685707 0.486121830792 6
22 -256.528069734 0.711070729465 15
13 -304.353547253 0.604997562256 1
21 -263.558072416 0.847986221812 12
16 -300.248620734 0.0407614255899 3
6 -308.038846338 0.81561676394 0
22 -257.700525162 0.152821758514 4
24 -255.456567668 0.126247959565 0
20 -273.620790966 0.437038590999 9
20 -274.608877409 0.181119742785 13
5 -332.067915093 0.873113867136 12
1 -2402.40123062 0.513279235373 12
21 -268.380956219 0.278780874386 3
24 -249.659469603 0.501356009924 15
16 -292.257386724 0.0328860566635 2
24 -254.621326835 0.470840369378 0
24 -253.67332803 0.183488442148 2
22 -263.75544195 0.645018470317 2
8 -308.283051579 0.235723790545 1
21 -267.382615636 0.379048344814 0
16 -298.440054559 0.856138331232 15
18 -277.244635133 0.562184292063 1
30 -230.723071901 0.915778846621 3
17 -285.522255524 0.14837101058 8
30 -230.765650355 0.567700493909 6
17 -296.117311796 0.118872590059 11
14 -301.231718711 0.342440226446 1
22 -261.269712087 0.735236477613 0
31 -225.165987567 0.633391598409 4
15 -302.769918934 0.927484514542 14
31 -226.417628825 0.589054753543 13
32 -223.30790815 0.0319194517375 7
36 -208.831064017 0.691714214491 11
15 -297.577790528 0.748832803441 15
26 -243.056465854 0.873663618138 14
38 -203.721378101 0.479596143758 2
6 -312.667573418 0.358974934717 9
38 -192.168314827 0.896429521294 0
18 -286.343917954 0.0472931908472 1
30 -225.205028698 0.09732502508 14
26 -245.596611902 0.362395198539 7
37 -203.946809084 0.795033725946 1
18 -288.205731641 0.369729101073 15
28 -235.968369882 0.0338948302439 10
34 -217.500869082 0.77973096978 11
41 -185.98964589 0.872557213723 14
27 -235.756094018 0.979740125605 5
32 -218.059114166 0.187022746208 0
22 -263.966683801 0.188125388184 4
30 -230.426696773 0.878357296486 10
42 -190.562076455 0.0106568543996 3
19 -276.098159545 0.254939468251 9
32 -223.540450507 0.967816275204 11
38 -203.033351927 0.595533043489 2
27 -240.217678708 0.52345896418 11
17 -289.081712433 0.658621108456 8
22 -264.392515856 0.774023551733 7
42 -190.648864596 0.924577950483 3
21 -267.034403989 0.222484230876 5
44 -183.640442103 0.117464180437 0
29 -231.528901847 0.857429049041 10
32 -221.125994171 0.689145999285 14
31 -227.622452458 0.835975158043 10
16 -298.375722891 0.817036916698 6
39 -197.343214703 0.241897238445 3
29 -227.963946264 0.0104318147893 5
26 -246.808831887 0.148532283524 8
24 -247.569999748 0.146910461488 11
33 -219.949288383 0.561936254872 0
41 -192.803070055 0.608903858456 3
24 -253.468294947 0.350995543728 12
8 -308.748804717 0.551315076767 6
32 -224.126034215 0.973544323735 9
37 -206.112414984 0.777479559414 2
31 -225.099004642 0.628125727216 8
38 -200.335186845 0.0391286675776 3
17 -286.738918666 0.369471027845 8
35 -210.491952771 0.380545037496 0
43 -184.92283531 0.685213199198 14
32 -224.716224425 0.346219438094 5
43 -187.417727488 0.419874369821 11
39 -197.628109996 0.223981017139 7
32 -223.889888528 0.718100114672 1
29 -231.064866338 0.55502307022 5
46 -180.334136873 0.944589997011 7
48 -174.771156197 0.966011425864 2
29 -232.17929014 0.326970206894 8
37 -201.114217718 0.955403078061 8
40 -194.558649789 0.495564307759 10
42 -188.364935871 0.991766102462 3
35 -210.892229999 0.131987664602 8
50 -170.954468234 0.630306840369 15
32 -223.223362822 0.163896735561 11
40 -197.178500862 0.950491482357 1
41 -194.521453738 0.718661228077 1
51 -167.814179462 0.248772686229 8
26 -243.796500796 0.26177682884 10
47 -175.390384639 0.89572510512 11
27 -240.525377085 0.421634575917 6
37 -206.043500039 0.0355895405483 5
51 -168.958929144 0.608064770609 7
53 -164.952696584 0.591782830379 8
36 -208.727367047 0.430566561926 6
38 -202.736665715 0.125473081535 5
10 -307.626876981 0.346523667437 10
43 -184.531244579 0.116366704289 15
55 -164.495957301 0.460745714745 12
44 -181.657752654 0.277541825518 15
51 -169.181117946 0.522645604217 8
55 -163.511753711 0.835823560276 5
33 -217.297892817 0.0390280301065 3
40 -196.099559864 0.114934348348 15
45 -180.732330282 0.272054181174 11
44 -185.045444898 0.45927059552 1
26 -246.967719687 0.69592556204 4
34 -214.598964494 0.966206089389 15
50 -172.062251159 0.330138966706 2
55 -162.9501735 0.403337633616 13
46 -178.096819824 0.133583084206 3
50 -170.450857465 0.663426954666 8
49 -172.316285915 0.347636976685 8
54 -164.863701234 0.908240132264 10
49 -170.495554559 0.898914720084 3
47 -175.354243038 0.248390563169 12
54 -165.536116385 0.521078474191 5
57 -160.623919729 0.53310193343 12
12 -306.477626957 0.127867151364 4
44 -182.650100011 0.471297400592 14
57 -161.830773869 0.433776923071 2
40 -195.019583052 0.383442180907 15
55 -162.284624782 0.425550649557 10
39 -198.22327861 0.761693407059 14
41 -188.136002757 0.704073897476 15
41 -194.102354069 0.735126564602 15
30 -231.580356859 0.789235375925 1
45 -177.270690211 0.150139119047 3
44 -183.585479026 0.910851082955 2
23 -258.080572031 0.390631033363 1
53 -166.938971834 0.739451572688 0
57 -160.765527134 0.335974211486 12
51 -168.275841125 0.67491358502 6
27 -236.961816651 0.315691568926 13
42 -187.698919472 0.179665334079 14
50 -171.001110508 0.268454724593 6
41 -193.730119253 0.950825816313 10
62 -156.706254716 0.978699532411 12
27 -240.871946329 0.618153865696 4
62 -157.511495709 0.730119319667 12
46 -180.626968901 0.629326676431 10
43 -188.147185303 0.640908431142 0
39 -197.03500015 0.40178536557 14
49 -173.167757421 0.0108165876733 8
55 -164.665788722 0.163503454882 13
58 -160.563474503 0.463061003796 15
29 -229.411869073 0.587628028977 1
49 -172.30359411 0.00379067931223 10
26 -246.399882909 0.823417540114 1
53 -166.347851858 0.126761061827 12
59 -159.973135569 0.464352543044 11
64 -154.994010542 0.988064956218 14
51 -170.147929289 0.414720922775 3
63 -155.907525755 0.0702421459771 3
59 -158.514335018 0.821738594071 0
61 -157.830123233 0.939840535334 11
61 -157.362607925 0.715604390985 13
62 -156.922566189 0.455853354622 13
48 -173.151686913 0.0548076862294 0
47 -177.838008936 0.065588931081 15
41 -192.655461012 0.777913410209 7
60 -158.867848392 0.581503655071 12
34 -207.795187361 0.639393064561 9
31 -219.01356538 0.930653103532 9
62 -155.394688834 0.140620294304 15
32 -224.629407292 0.38009878674 9
25 -242.661109826 0.164896028876 9
51 -169.449667223 0.904059437423 8
66 -154.147875208 0.877131428603 12
59 -159.165076659 0.668724499748 3
51 -170.516694782 0.282269909538 13
67 -153.366618403 0.57273766514 11
23 -251.124671881 0.907971621805 0
40 -197.244639265 0.300867735661 5
46 -178.953510422 0.00826650916954 6
64 -155.659471991 0.229364936756 11
67 -153.383939812 0.0237902172796 2
44 -184.644854508 0.763974058132 5
67 -151.155414501 0.212350019198 15
65 -154.894677647 0.425864487203 2
64 -154.605100007 0.771224653736 1
68 -152.675732469 0.826971331022 2
71 -148.987837873 0.701656905145 14
0 -725.628655462 0.692810396324 13
56 -163.014309154 0.340501346504 3
63 -156.155072934 0.253905033498 2
40 -191.374560333 0.0135054053866 6
62 -156.720979398 0.566493128739 4
49 -173.7392226 0.630103119627 6
64 -154.029058847 0.320282886409 0
55 -164.072505758 0.802562421741 1
40 -194.310660679 0.40084455343 5
58 -160.073820199 0.662454504356 0
68 -152.449390659 0.398525161394 4
32 -217.177956233 0.881273966209 6
60 -158.799894713 0.753817341029 0
63 -156.553158791 0.462654548031 3
68 -151.080121539 0.582636204997 15
70 -149.584310969 0.337127391046 15
71 -149.386159629 0.689174757475 8
49 -172.34432561 0.132807640515 9
61 -156.38539624 0.0612022726416 6
31 -226.943387956 0.876981475271 2
66 -153.277145668 0.356659135183 6
70 -150.194196183 0.398951907136 13
70 -150.133802112 0.937692731091 12
66 -153.307537567 0.69994595124 14
62 -156.401059587 0.876198414425 13
61 -158.374512268 0.635407487215 2
38 -199.638554657 0.579555939406 3
53 -166.22348565 0.293204046277 10
67 -153.510712421 0.403364266168 9
66 -153.283883061 0.256801951489 4
58 -160.83286354 0.963448573497 0
53 -166.257216298 0.0734419293914 0
54 -164.678724267 0.865665875104 1
52 -168.895990604 0.970944838391 1
71 -149.420287831 0.569083017022 13
73 -147.094048324 0.504963676524 8
66 -153.454128361 0.705811767954 12
70 -149.824770404 0.637006458091 10
67 -152.828904741 0.13667647683 10
62 -157.327422773 0.037117841617 6
67 -152.937969425 0.166682342299 2
53 -167.493631315 0.0983701436879 5
70 -150.407529208 0.0195885209098 4
52 -165.939850304 0.915205334178 6
70 -150.052263478 0.428084079451 8
73 -146.196224484 0.976071733639 8
41 -193.97369196 0.244645902125 7
63 -155.855733668 0.854935762439 11
35 -211.539271423 0.317704048341 7
69 -150.772335396 0.0436117298448 12
67 -152.281824126 0.0450438747915 9
67 -152.197340266 0.41133502694 12
61 -157.388581153 0.0643106738932 2
53 -164.593473351 0.0592053494295 1
71 -146.770482811 0.753816317613 15
69 -151.109703725 0.0394745529561 12
71 -149.304629369 0.758024394158 4
65 -154.599414321 0.114631253357 6
31 -225.510705475 0.28297273877 14
59 -159.342385836 0.366386981019 6
39 -198.118788694 0.0678920533537 7
60 -157.974442042 0.430296039127 2
62 -157.31950023 0.46031942753 3
61 -157.804512 0.775744817727 1
68 -152.432465535 0.424763790465 13
59 -158.785696687 0.985648868744 2
71 -148.674092871 0.206679369683 13
70 -149.797171308 0.098548584647 11
68 -152.157944984 0.600124718037 9
69 -151.095140832 0.232744092439 4
77 -142.003172014 0.996185069682 1
67 -153.527571258 0.0223919933001 8
74 -145.467142587 0.399405429014 10
74 -145.828792151 0.19736230351 8
80 -140.447406546 0.881641025486 8
44 -185.555524278 0.70648676467 0
70 -150.024529637 0.844040711474 12
75 -143.107375634 0.870785756415 7
67 -153.517624633 0.177246640447 6
78 -142.709845357 0.279149009094 7
81 -138.394164615 0.524910103519 1
70 -150.600977077 0.998030009733 9
49 -173.017952245 0.716522527679 5
68 -152.415068378 0.240718312984 3
71 -148.96749183 0.0285786156292 9
70 -147.374484428 0.398917658977 2
80 -140.275153013 0.829763103044 8
73 -146.040339463 0.947498589451 3
71 -148.608831338 0.998597953049 11
60 -156.830565573 0.445406640232 13
77 -143.417305502 0.810639692593 2
66 -153.128657114 0.982154039371 13
64 -154.335458908 0.636793858559 3
76 -143.787473881 0.832645957 9
72 -148.132452651 0.873176463529 13
67 -153.442280322 0.375167733783 14
82 -137.685284886 0.678308271943 3
58 -160.754778057 0.972089183036 5
80 -139.80059153 0.176379124394 2
78 -141.367816541 0.326105431209 6
83 -136.933028516 0.882201879968 7
73 -146.194933001 0.656640827902 2
83 -137.215215446 0.26227328347 4
84 -136.435654619 0.936625349534 3
76 -143.797575288 0.69901722421 9
79 -141.312092365 0.0904275843047 3
79 -141.561169072 0.0111255456257 9
82 -138.311119256 0.107415530032 15
84 -135.46762633 0.940576193836 9
87 -134.048136037 0.50171026263 15
80 -140.255935806 0.185525981081 7
80 -140.253762214 0.0684469017045 12
78 -142.575554186 0.127643418881 9
89 -132.387500331 0.967347511998 6
79 -141.749988893 0.940344228096 9
87 -133.97297163 0.809015761127 15
89 -132.606721661 0.182072965925 4
75 -144.280932573 0.423904469544 11
86 -127.160355114 0.867190458618 15
87 -133.984688959 0.870535736512 15
54 -165.149243462 0.601752735012 5
84 -136.492038106 0.546889083121 12
89 -132.101904957 0.465660686159 10
91 -129.916789443 0.103244808842 12
90 -131.852040138 0.41457139944 10
92 -129.400610847 0.123136203437 6
76 -143.870362697 0.48293990847 9
85 -135.213796917 0.066001933952 9
89 -131.915286801 0.35757700768 1
73 -145.881709928 0.755127015504 0
88 -131.222525612 0.333411651608 1
64 -152.569497108 0.734507795235 14
68 -152.590101417 0.26225173982 11
95 -127.612411594 0.929491884186 15
94 -126.668678758 0.295801356603 4
67 -152.537922654 0.621829557409 11
90 -131.398677484 0.727282697251 6
84 -133.900196553 0.2942693508 9
74 -145.854604502 0.0922429209647 8
76 -143.772384702 0.245996286299 3
75 -144.307931286 0.339689443775 8
74 -145.879106145 0.45699689702 14
96 -126.938006892 0.623065463808 2
91 -130.652278096 0.0457696633383 11
99 -124.690386244 0.238911794258 11
94 -128.363981484 0.619761963599 2
96 -126.606147914 0.110808850547 12
96 -126.61675828 0.375128824013 4
79 -141.165202155 0.383146013431 13
93 -129.219247617 0.959017220025 3
90 -129.86231802 0.994340034094 2
102 -122.492860721 0.939395698751 0
96 -126.351577565 0.910036437255 10
92 -128.895628087 0.64566623244 15
102 -122.016511137 0.870968735618 1
101 -123.219667519 0.0709567787432 4
90 -131.389369951 0.180220793919 2
103 -121.773663516 0.335389904229 9
100 -124.15787012 0.466851345558 11
98 -125.411712682 0.997132141522 10
81 -138.037565771 0.363429352765 8
77 -143.0393044 0.0405892723375 7
79 -141.056718743 0.659023913794 14
95 -125.944540469 0.611888051425 10
69 -151.008760728 0.574174125934 13
94 -128.085208368 0.684729504431 12
98 -125.47383638 0.115343549771 3
79 -140.934713091 0.277134653971 8
96 -124.567720031 0.0228049212405 12
101 -123.155421974 0.599644000245 9
101 -122.705660679 0.940074538138 6
98 -125.308266847 0.748303451822 3
105 -118.924893427 0.153546484468 1
101 -122.996303313 0.199108181487 3
94 -128.303075767 0.446287589413 6
88 -133.140014099 0.363157493158 12
102 -122.849600841 0.238005062147 9
99 -124.852204049 0.905249463898 15
81 -138.448792267 0.713884437386 7
106 -119.981199836 0.736219639597 5
64 -155.529561667 0.0316024795825 13
99 -124.603542982 0.271712430751 10
72 -146.377271109 0.908466385742 14
64 -154.405368331 0.386246829381 13
67 -152.9031582 0.400655820053 13
71 -149.326388577 0.897820531703 14
101 -122.22250301 0.407022046308 12
106 -120.036009718 0.510540681747 4
70 -150.390845937 0.106072607617 13
111 -118.191131848 0.202995657681 1
84 -136.357992748 0.379106189308 15
112 -117.855106503 0.395601297371 14
99 -124.247732328 0.254795002537 2
89 -132.565755665 0.644286428274 2
97 -125.955164572 0.143876939344 0
112 -117.770681826 0.71066037004 13
114 -117.156817591 0.630510570825 4
115 -116.764141966 0.123436927332 4
114 -116.463904951 0.944933731668 7
114 -117.236124329 0.651364550697 0
113 -117.231673211 0.697444311135 8
117 -115.754493662 0.0366141932173 1
108 -119.023500093 0.721184317142 14
114 -117.2434358 0.99735091956 8
108 -118.514696556 0.95165192426 7
107 -119.406934694 0.294040545111 6
109 -118.99812322 0.217692390488 11
114 -115.834989674 0.138477559927 1
111 -117.223190906 0.762706067544 14
120 -114.188573153 0.706032378099 5
104 -120.073836762 0.337237645489 3
118 -115.177816515 0.424016533826 8
121 -114.37261408 0.649258422306 1
117 -115.865814689 0.476606164276 2
115 -116.773323305 0.4973565049 12
113 -117.208751369 0.125643764198 0
118 -115.357864926 0.219356079684 7
121 -113.973147895 0.593337135838 2
115 -115.685193202 0.865251598372 4
113 -117.558189342 0.0415264379436 11
116 -116.304292588 0.493814558031 11
115 -116.788038072 0.169565587346 14
116 -115.814242966 0.822472282171 14
115 -116.750080628 0.213778102726 10
116 -116.041736914 0.346794577113 0
94 -128.271336218 0.436353268626 9
117 -115.565417905 0.732535985889 12
121 -114.125795601 0.648914782998 13
111 -118.197963417 0.73022241969 3
119 -114.942900721 0.0176993623466 7
94 -128.443275042 0.390959028704 9
121 -113.549828639 0.483325114575 12
108 -119.190456238 0.854196756241 2
90 -131.834711245 0.957652031832 9
114 -116.453742007 0.0304878131952 12
88 -133.260087688 0.809169736216 9
115 -116.297249314 0.59547147477 6
116 -116.186847534 0.916190661637 6
127 -112.63249601 0.935943361386 15
127 -112.581135947 0.156067836987 5
121 -113.686154945 0.673885880953 0
111 -116.611457907 0.862070329324 13
123 -113.121811317 0.685726071491 5
114 -117.014934992 0.235826978383 2
127 -112.457371905 0.572270133276 1
116 -116.289439908 0.925468331934 13
100 -122.918408089 0.411637119017 6
116 -116.321983598 0.724155701878 9
115 -116.269174695 0.517992979756 2
125 -112.741414021 0.580878385859 7
125 -113.022243502 0.132023012297 7
125 -112.956125959 0.712694735112 7
124 -112.944015958 0.422888204751 5
129 -111.92378947 0.481391807147 0
104 -121.572171052 0.21427966392 6
128 -112.040232911 0.0915861349925 5
113 -117.339660987 0.258939359026 9
119 -115.087352733 0.193332171828 4
117 -115.784945423 0.838968592141 12
119 -115.015052331 0.256800568417 10
112 -116.299681134 0.863566268998 9
123 -113.306524664 0.764961347709 15
104 -120.4672976 0.416786452232 2
131 -111.450220223 0.703121129805 8
125 -112.966468512 0.395796750741 5
128 -112.280466423 0.591193948227 10
120 -114.426809883 0.763916384878 4
119 -114.95807609 0.325677054914 4
132 -111.180424277 0.921071286363 1
98 -125.142617241 0.13687869393 12
91 -129.293182479 0.739994172759 12
98 -123.811182681 0.612540142193 14
129 -111.846155657 0.429794702405 10
131 -111.439598401 0.771486899239 5
132 -111.131915117 0.967014185583 7
129 -111.674999579 0.852552222405 13
128 -111.536796014 0.431002766562 5
95 -126.658848154 0.555006550008 3
71 -149.072526745 0.902863862535 6
110 -117.680463958 0.0730911461961 14
73 -144.958306506 0.150556591016 6
109 -118.197192495 0.536513661732 10
113 -117.158154796 0.538872830998 1
104 -121.377137109 0.489342191188 12
117 -115.464081706 0.0976531914212 13
117 -115.103169263 0.344207471715 15
83 -136.592706739 0.673243718982 2
114 -117.218536855 0.31795841238 15
83 -136.441440447 0.481496635558 3
102 -122.365658178 0.143722158095 8
16 -299.294398914 0.0770389434083 6
54 -165.84122614 0.501070159135 10
90 -131.906657409 0.270878777892 8
93 -129.432847498 0.601420605907 12
15 -301.365088187 0.948808186965 6
107 -119.532971261 0.130419765821 1
88 -132.14156091 0.0333632122868 15
101 -123.068045076 0.759311377087 1
2 -579.8554959 0.336406153877 11
64 -155.265269018 0.96798606612 8
79 -141.426237029 0.759594867799 5
65 -153.953319055 0.0585315632208 15
25 -248.766518038 0.162338912663 4
47 -178.183218908 0.723571615944 15
49 -168.341587159 0.166651032655 8
61 -157.61409115 0.547201037356 15
10 -307.74661037 0.427494205546 11
40 -196.598429914 0.359877772224 8
24 -253.454369124 0.496738564198 6
33 -219.542355221 0.599051247466 8
46 -180.468841391 0.125259074711 15
36 -206.168235777 0.0850779282494 12
48 -175.253128421 0.0991659338577 13
39 -199.403947862 0.959384259666 6
43 -188.028987072 0.749123180411 14
54 -163.792836223 0.0595676888526 8
122 -113.243764627 0.0120858696612 7
9 -307.978265251 0.522834216322 10
38 -201.681249753 0.478625730256 13
22 -259.914140113 0.692708462731 9
41 -188.427368097 0.768507400286 9
108 -118.338055456 0.158586811564 7
62 -155.656660447 0.254268387901 2
74 -136.82961902 0.0258845712198 0
58 -158.136846457 0.910724547672 1
27 -228.506339381 0.334393608902 5
57 -161.894962895 0.135753355668 1
7 -311.073264726 0.0162223624502 10
16 -300.273114739 0.940695052997 6
7 -308.826751383 0.642167127673 5
10 -307.612873228 0.149480153188 6
11 -307.356614671 0.952781565042 13
16 -300.091416798 0.610122049374 5
48 -175.295225612 0.123696411402 8
68 -152.492894895 0.622936630003 1
40 -197.473902985 0.788730295173 3
93 -128.471772843 0.130665691466 0
1 -2320.01539799 0.237941156065 14
81 -139.494497717 0.373354353804 0
15 -301.083228115 0.137149011011 4
76 -143.786867003 0.764857018205 8
75 -145.174405874 0.491255889051 8
21 -262.71897177 0.73276239405 5
30 -229.188327367 0.70171977085 9
6 -313.738633918 0.602856827676 4
54 -163.824932212 0.0342236704043 1
30 -229.293501129 0.0365891916733 4
22 -258.185052097 0.186605157719 5
32 -223.735463671 0.375306485109 12
47 -177.740258502 0.425634876488 13
54 -165.286981849 0.64731475825 5
16 -291.221856506 0.0824443676171 6
39 -200.800954287 0.0809242229091 3
39 -200.279028251 0.170810478229 3
7 -311.864897924 0.828749944304 6
69 -149.771807512 0.0540677841914 2
68 -152.223134478 0.78212191228 2
34 -207.704322698 0.80193864712 4
69 -151.394337006 0.631613294729 2
72 -147.531994142 0.59314275748 2
44 -183.806780106 0.717307506037 11
3 -507.180146098 0.809650773884 6
76 -143.754933527 0.306909179773 8
86 -133.676744007 0.405512196688 0
60 -158.510096706 0.341580731942 13
30 -225.57167427 0.409477779016 11
80 -140.694569744 0.819007496577 8
39 -200.758189096 0.682440761842 5
23 -258.801135844 0.743200522581 14
51 -169.545533995 0.674034868617 10
13 -304.370454158 0.540493412719 6
59 -158.380750765 0.640367844021 15
52 -168.873379907 0.313123216429 10
6 -312.034473737 0.297554069183 5
21 -268.243297395 0.516717472474 11
45 -182.415573812 0.597351296813 10
9 -308.075991806 0.367315513505 4
53 -165.322342712 0.843408131021 15
54 -163.242135855 0.712002139148 15
104 -121.381755532 0.927354129637 0
6 -316.318339582 0.0569901400714 12
2 -1245.93422306 0.276156333456 6
18 -281.290038665 0.40445708471 5
9 -307.975142948 0.3504633207 4
11 -307.626793261 0.529508460886 14
90 -130.125004918 0.312654033746 1
6 -308.587508917 0.606507925519 4
76 -142.792983765 0.139860355741 8
33 -219.040491071 0.475200605974 3
83 -137.191728582 0.124928585599 8
93 -129.48850011 0.693721638297 1
0 -113083.371843 0.944394545351 14
38 -203.560384632 0.163836105217 3
99 -124.428583212 0.359796419768 7
3 -454.947487188 0.297925790764 6
5 -336.29835111 0.829039331892 4
62 -157.252512963 0.532146136959 10
92 -130.036769666 0.84751664504 7
55 -163.6163508 0.171535582966 10
46 -179.422911488 0.186215766859 11
83 -137.51234661 0.740924247459 8
26 -246.598208086 0.209249685936 6
49 -168.496644238 0.0892625525718 9
36 -209.940615932 0.775825752139 5
114 -116.805473659 0.597897028294 1
106 -118.297292565 0.202894268378 1
12 -303.740394522 0.789503104193 6
67 -153.480255908 0.223263798963 14
94 -128.540883294 0.35290614668 2
34 -211.912917808 0.893122464392 11
97 -126.321085 0.087794819728 2
3 -320.465879827 0.422361494171 12
90 -131.719852129 0.338290740361 2
54 -165.90456865 0.0562953901639 9
59 -159.377319536 0.433000663985 10
15 -301.141345932 0.764825795111 6
50 -172.12356334 0.0465448706278 9
37 -204.228386082 0.287557822039 15
95 -127.428129827 0.575257573653 2
109 -118.705338318 0.0217968144814 0
15 -300.426945201 0.873343030557 15
1 -1150.83664821 0.573120995219 4
55 -162.698543881 0.589537266475 5
12 -306.923508892 0.318535005651 15
49 -169.89027404 0.121532382613 9
106 -120.035598515 0.779592860759 1
12 -307.242592237 0.775775006854 12
62 -156.643653163 0.487782494082 5
14 -302.020084773 0.0118673334154 13
46 -179.187567143 0.620633998172 10
19 -282.373000312 0.611693305402 6
15 -293.977954502 0.438291111999 13
34 -217.078963588 0.478615104701 15
19 -275.168179791 0.860386004146 6
87 -133.060142449 0.895725149964 8
74 -145.183227412 0.330727775342 9
30 -229.315099706 0.081226350329 4
48 -175.692560034 0.931312810315 11
99 -124.887712306 0.564152524445 2
60 -158.770892555 0.649313915836 10
98 -125.570400877 0.935844568549 7
70 -150.637196536 0.0740275230464 5
54 -164.233922375 0.157478771871 12
12 -307.216027766 0.790799305848 4
39 -196.163750356 0.359043786057 3
57 -161.127343609 0.280214269342 12
127 -112.500061468 0.956362429147 0
16 -279.126813052 0.723450651996 11
35 -206.408901791 0.284816170858 15
49 -171.610646015 0.111169228835 12
77 -143.287540135 0.372143643215 14
81 -137.307835022 0.848127350929 9
43 -187.219432166 0.966122682336 3
107 -119.144117362 0.291146190815 1
122 -113.905168649 0.478325205833 0
53 -166.866560767 0.385873678949 12
92 -129.935201661 0.869349271645 10
64 -155.467461731 0.694676198843 5
111 -118.20248936 0.816215692594 2
131 -111.218473877 0.183819101696 0
40 -194.002823078 0.907088662708 11
102 -122.586101992 0.738193722363 7
53 -165.591305667 0.852127258646 11
54 -165.532882308 0.979729101587 5
37 -206.637924767 0.0952290722209 3
99 -124.24723235 0.770844760035 8
30 -230.971880293 0.925505511601 6
79 -141.837357238 0.686017932889 13
14 -301.691970815 0.998308634066 5
54 -165.051248419 0.493851721176 12
45 -182.29388761 0.262985566594 11
95 -127.631771173 0.618360442236 8
87 -133.080341312 0.404727526702 9
71 -149.199826797 0.621225173634 14
57 -161.650876565 0.257428862855 14
120 -114.760011648 0.549201861569 1
125 -112.949209386 0.855923641446 0
87 -133.58108536 0.249097467856 9
95 -127.40502255 0.852925643581 13
96 -126.895915817 0.84513922811 13
56 -161.786298771 0.315179322165 14
107 -119.554303218 0.0976880071144 10
77 -143.528963454 0.773587427631 2
65 -154.95127088 0.661037434712 12
62 -157.389219754 0.579925488811 12
90 -131.572254818 0.663131365 9
124 -113.305921743 0.0574553289174 0
71 -148.857466656 0.645894455363 14
121 -113.754031714 0.670268285273 7
0 -3533.1730568 0.340360918242 15
103 -122.092076542 0.0612557921585 9
82 -137.352323239 0.322442734179 8
10 -307.620019437 0.216051073559 3
60 -158.940087257 0.643805042596 12
60 -159.224247909 0.57442165259 12
88 -132.135421103 0.528887916604 9
10 -307.831171472 0.52240268534 5
66 -153.574186712 0.995175812412 12
108 -119.145213751 0.562711790223 10
28 -238.464200918 0.0339770055358 4
116 -116.233235809 0.465963011082 10
101 -122.902229041 0.247019816321 13
77 -139.789711189 0.845819583145 8
129 -111.754143317 0.667230392267 7
111 -118.124643859 0.713681622 10
126 -112.10382815 0.157379774557 0
94 -127.198627477 0.474519918892 2
124 -112.746595357 0.392492426424 0
122 -113.723679353 0.137490832572 1
78 -142.194852821 0.168485037373 8
104 -121.510775679 0.659865437777 13
100 -124.18387969 0.272780870646 10
48 -175.309694084 0.988158975015 6
118 -115.496630923 0.46482127249 1
27 -240.81126122 0.292963824695 5
54 -164.620361646 0.576252670095 6
78 -141.062456847 0.915176033514 8
44 -185.371374429 0.126324879844 6
115 -116.569996533 0.525187466643 10
122 -113.231994381 0.361362183754 7
85 -135.328092783 0.165737353489 9
89 -132.617569631 0.729407725104 9
128 -112.285340173 0.687242079457 0
125 -113.000562537 0.335253537505 0
122 -113.065016544 0.486588143552 0
59 -159.8624622 0.380396460065 15
110 -118.579760123 0.426844383591 10
34 -213.259897678 0.927583664372 11
33 -220.106399149 0.495755051877 5
68 -152.117777895 0.0145937093937 15
92 -129.924334609 0.340517191958 9
122 -113.908471384 0.626240610023 7
97 -126.179909754 0.613228049957 1
54 -166.065175895 0.741123636408 12
91 -130.54052867 0.854473562209 9
70 -150.654858829 0.640630867671 6
70 -150.063255942 0.861200709687 6
74 -145.724830659 0.557459852057 14
63 -156.449847209 0.436187168021 15
86 -134.603516598 0.605099804592 9
129 -111.745373345 0.820976082222 10
131 -111.414572229 0.628371824769 10
110 -117.837627653 0.545134744674 8
68 -152.564693234 0.206077964322 12
131 -111.308177324 0.210243029355 10
63 -156.470559955 0.977677960972 15
115 -116.721708101 0.41154507391 8
121 -114.145374637 0.680405541991 10
65 -154.888201707 0.0286025296516 12
54 -165.720310027 0.393298312567 4
84 -135.584127455 0.454649921666 9
120 -114.78868657 0.793664426782 13
125 -112.94544956 0.69935545548 8
117 -115.216053905 0.349056775095 13
18 -289.121532926 0.0149083602534 3
90 -130.563660618 0.741588178146 9
62 -154.244613582 0.921253830158 12
38 -195.188135467 0.798132098827 6
117 -115.858111895 0.383880186859 10
72 -148.119935329 0.545279841282 14
131 -111.444733962 0.476538404748 0
116 -115.047000806 0.153269241005 7
29 -232.32288634 0.494985647492 3
129 -111.753448229 0.453833959986 10
61 -155.231790848 0.0952376069707 12
64 -154.835289599 0.903990540562 14
22 -265.147906389 0.901631332894 11
79 -141.694118391 0.0386092727711 4
68 -152.616204051 0.375626290683 12
25 -246.447481401 0.40766644308 5
32 -219.210152074 0.673891842091 14
127 -112.55721739 0.246445790259 10
120 -113.906213418 0.754003348011 10
110 -117.973829424 0.715831575497 13
109 -118.778201058 0.697909312876 8
99 -124.544160376 0.361917709382 15
132 -110.936913078 0.996292231917 0
53 -164.183165898 0.517629566524 14
26 -242.061896209 0.917668916023 6
119 -113.625522557 0.01905622131 0
132 -111.146846227 0.401342312459 10
130 -111.135701053 0.725039854166 10
131 -111.416021544 0.954873614845 0
86 -134.323115678 0.550211765153 4
123 -113.555274179 0.282643404068 0
108 -118.9167369 0.744974355036 8
118 -115.126788506 0.62486689219 2
92 -129.629311621 0.702426604152 4
65 -154.827305021 0.49747343134 14
39 -200.620226289 0.887445703603 12
125 -112.122892826 0.92338904717 0
98 -124.2510766 0.856140986012 15
42 -182.740336076 0.815900829607 11
26 -235.591764077 0.149236516243 5
29 -228.821804015 0.471893075288 12
121 -114.360810849 0.0698262794881 8
84 -136.368487268 0.640739739936 1
124 -113.214382089 0.529559218331 0
122 -113.904695597 0.477276638984 2
76 -143.48243931 0.111275009984 1
22 -254.71959755 0.442541791477 12
109 -118.922644295 0.833007838733 7
38 -202.972666254 0.129022032117 11
42 -190.524400147 0.548457390684 11
83 -135.110487403 0.346610234303 15
101 -123.430126673 0.866714984878 13
128 -112.072038287 0.0272540350317 2
106 -120.174697625 0.588809997104 13
24 -244.49058033 0.578792157244 6
124 -113.296493501 0.243830160372 8
66 -153.618873822 0.912899633066 14
38 -196.695151394 0.472783009051 11
106 -119.977500107 0.964088404802 13
24 -240.803432006 0.247242805699 6
101 -122.680614565 0.840560386066 13
4 -401.056151495 0.671817719891 12
36 -209.53207802 0.179998228552 11
119 -115.166574771 0.702013688953 8
131 -111.297831554 0.467360528618 2
131 -111.439239481 0.202821485995 2
112 -117.400343354 0.510972361584 1
113 -116.754027117 0.994873741427 0
1 -35394.6040314 0.311404811432 5
116 -115.753731124 0.893060360727 8
92 -129.385058442 0.165722344761 1
91 -130.392906503 0.271451165615 15
7 -311.100698594 0.292617357919 5
108 -118.639155789 0.195096098132 7
89 -131.590228095 0.120752145799 9
0 -2416.56366413 0.660621758867 12
13 -304.925609737 0.961626382821 12
6 -311.81410482 0.000537011341322 12
130 -111.011769311 0.626604101983 10
132 -110.996523785 0.468432676125 10
83 -137.342492019 0.285777541603 14
130 -111.103686722 0.817441351702 10
127 -112.515726289 0.861793898914 8
97 -125.911283739 0.236444894688 9
30 -229.013469372 0.890995617484 12
118 -115.447466514 0.743137835235 7
91 -128.741193117 0.303105587385 1
122 -113.217137781 0.948469896617 8
81 -139.627499146 0.188126861691 15
84 -135.970549163 0.618314228915 14
116 -115.370221616 0.119067460518 2
100 -123.935392659 0.273914308862 13
117 -115.685043815 0.263335942372 8
132 -110.851793463 0.833892944954 2
58 -160.595574247 0.0681268938069 1
117 -115.917486533 0.669858908159 0
17 -293.724978225 0.113477098552 6
114 -116.963358071 0.284200672512 0
117 -115.011825624 0.436858353208 7
94 -127.924533386 0.48502778098 8
102 -122.044477852 0.471156150985 13
38 -201.516404762 0.502204110713 11
87 -133.511598764 0.972130226743 10
11 -307.262168548 0.313213590893 3
14 -303.213457739 0.0388247004041 3
67 -152.88086741 0.655489731197 1
20 -269.952814792 0.863202297637 3
6 -313.370905902 0.0251886819778 6
78 -142.692571547 0.432929075277 10
46 -176.719113148 0.77895875502 11
54 -164.548678766 0.730244390561 5
1 -2870.02001659 0.830680965036 9
65 -154.496810851 0.2517226651 4
51 -170.402660415 0.738682039028 5
98 -125.022293264 0.61069939891 10
94 -128.169652048 0.364067995457 10
124 -113.122320986 0.288727673997 7
35 -207.538868967 0.0325348445673 12
84 -136.414956424 0.699755973141 15
105 -120.308945124 0.464021952695 13
113 -117.588674692 0.103770052574 8
55 -164.674256745 0.413073987258 5
120 -114.482307378 0.452343044391 8
67 -153.133680452 0.659012955941 1
115 -116.325715027 0.707778800525 7
53 -167.498826329 0.797596549703 12
32 -217.541547497 0.560400163926 11
91 -128.997783099 0.974363359312 15
111 -117.222891078 0.447296669187 0
21 -267.704749259 0.272345672607 6
47 -177.177566888 0.391147042026 11
26 -237.244625313 0.524378592095 12
84 -135.702142925 0.908936124982 14
22 -265.093317293 0.518120007414 6
78 -136.798997744 0.763184537047 14
132 -110.927419433 0.613427076333 0
55 -164.352046943 0.960929858818 11
116 -116.140464506 0.794777333886 8
73 -146.827851353 0.793761853558 14
102 -122.891971017 0.626987873654 8
18 -284.463753265 0.637715104958 3
9 -308.162952553 0.173652397565 12
66 -153.653761889 0.286960445981 14
19 -277.159158126 0.233875379161 12
101 -123.096696195 0.642192118374 8
68 -150.169173759 0.988237194481 14
72 -147.187104822 0.35900722582 14
6 -318.839713614 0.070527855508 5
5 -308.937181985 0.794137454198 12
26 -247.127304811 0.75711804045 6
91 -130.220198457 0.238613140153 10
14 -303.670323511 0.345372188596 6
98 -125.47847974 0.723051324721 8
120 -114.709152561 0.0640538113098 0
71 -149.370957786 0.473608749696 13
5 -325.160630077 0.441474714433 6
126 -112.784011192 0.702430645811 0
62 -155.788063912 0.385007149286 1
60 -157.234864093 0.765398466513 4
5 -324.931262121 0.484417708883 5
78 -142.667318772 0.189910023298 14
112 -117.911767504 0.731616637754 0
34 -214.014222897 0.714523000227 9
116 -115.63596943 0.422075358446 0
23 -252.654493377 0.425367134367 3
29 -235.362111418 0.584160654269 5
76 -142.619003885 0.667929000984 14
99 -124.42400496 0.4234660546 10
124 -112.982175637 0.527484798865 0
44 -185.167408712 0.121182480484 9
108 -119.486677181 0.0693541426033 7
13 -306.097016418 0.519773194288 11
118 -114.774754375 0.536805511256 0
40 -197.399968581 0.222349717369 9
52 -157.626367274 0.338748284365 13
60 -158.405700852 0.780894182306 13
30 -226.109418381 0.874308561839 12
51 -170.490817757 0.4164728379 9
121 -113.763283609 0.54417986908 0
27 -237.366002583 0.764386716549 12
72 -147.828156789 0.529896837992 14
75 -141.862376661 0.311899504365 14
7 -308.276095394 0.592385593683 11
96 -126.95137021 0.899597587882 10
4 -370.736005117 0.673799392714 3
78 -142.145513047 0.608070714483 14
59 -158.320485765 0.550442193562 15
65 -152.488912386 0.756326840462 13
112 -117.779323714 0.868565010526 0
74 -146.066008556 0.119955342895 1
29 -232.474798894 0.353271069001 11
78 -141.755077957 0.532249278085 14
26 -245.665361429 0.78871587216 11
111 -118.021144566 0.827646526591 7
21 -269.351048136 0.576080552536 11
51 -170.760537099 0.367716578596 4
106 -119.69400113 0.643724057888 7
76 -137.970993057 0.438085564456 14
26 -246.45226839 0.8978099336 12
122 -112.525124998 0.517248608344 0
89 -132.614973206 0.447102757412 10
25 -246.388079325 0.178701164756 12
9 -306.69954153 0.210810583639 11
122 -113.766296041 0.0244938914471 0
118 -114.806483982 0.751030019611 0
114 -116.915802638 0.855151370999 7
34 -217.451212088 0.654983594643 12
23 -252.371791108 0.831732640667 3
61 -157.918300671 0.144271511352 4
3 -410.443822368 0.63087576642 11
17 -273.330531444 0.636112353525 13
90 -131.167903435 0.19624090388 10
119 -115.090647731 0.688354351623 2
59 -158.994829168 0.153707791703 15
16 -270.840009895 0.3738338909 11
109 -119.002146304 0.59594422238 8
81 -139.721846894 0.517780104443 10
81 -139.670670541 0.770494534928 10
