0.000000000000000000e+00
4.602701565234253136e-151
6.954511181290990073e-46
2.191095575216078397e-47
9.257844877472283325e-64
5.204266204013490756e-121
4.305150901366332193e-45
3.625108949701315300e-66
5.370396956993118484e-54
0.000000000000000000e+00
1.002793918758891728e-53
1.140526858681020927e-49
2.664127328103783760e-51
2.643900621911189535e-54
6.293833395023517381e-45
4.059086538746890219e-43
5.138406916249891936e-141
1.324763654660880748e-42
9.591007722668780793e-66
1.878006538973249331e-43
1.216146909047286715e-43
1.142653184323161746e-60
3.859230478348034901e-43
6.490157765086693521e-51
6.546284160669048299e-42
1.186003646994013385e-43
1.111131309146284712e-40
4.043156625631608433e-80
7.054154109345864266e-43
1.226938061363535102e-41
8.637418044347035711e-35
1.860953115526907223e-31
1.254425239352663670e-38
3.012104838865607376e-29
1.874905898520578371e-33
7.962130698236313302e-35
5.657240350265523740e-36
1.371116253427530989e-43
2.462670341139165682e-26
5.499051562820293774e-43
4.111745118339674502e-29
3.728062585775663856e-42
2.053975896427889747e-42
7.624570024945201506e-27
2.234618147217112305e-26
2.054649188484366362e-32
7.649220690830491729e-33
3.375493386966216151e-51
0.000000000000000000e+00
1.146532379576250972e-30
4.704996581633858240e-24
6.128155912095886474e-39
5.151619828935001390e-26
1.329396270363411581e-25
3.375279066890372096e-29
4.317277122816305603e-42
3.111430685878300067e-30
2.274749113902431259e-41
1.210294414411665689e-33
1.746395608594989038e-18
1.463669194669150027e-36
1.673597594728698728e-18
1.291176599987419380e-40
3.452663447475229659e-42
4.053670542246876561e-28
2.321351836593016451e-16
7.415191616152990078e-43
6.639877663600460722e-17
6.604376163211491148e-16
2.087750541736259309e-11
5.387782001459387139e-41
4.523940848732051622e-22
3.904136027113355680e-10
2.809436964768557677e-43
1.494328542874514315e-06
6.435754561028741807e-37
2.232469949411690981e-16
3.567348233932161500e-23
9.195319810738417957e-10
1.000055407609878333e-37
1.366443222611552223e-19
2.930976009820748635e-14
8.309797328594487455e-05
1.689591933016259286e-19
4.889368391404964726e-14
2.732552506376261113e-29
2.348857734836759595e-18
3.985704824537756169e-06
3.808895437570201219e-33
5.234074968336337278e-16
7.768388052095946726e-10
4.615014313684217892e-21
4.164764398653816708e-38
1.784974449979487968e-29
3.654378453566907912e-06
4.407441203172525664e-30
2.229322535780288678e-04
7.801446449114594499e-19
2.276793787698672423e-15
1.990269200383690127e-17
2.425897198478756250e-41
1.802310514859616689e-08
1.414499983595512044e-17
1.061414596216176899e-23
3.801933710570512521e-23
7.385170535231802003e-15
7.920915841898083007e-07
1.631921231096677021e-25
2.709791703856153874e-42
2.914232288765746755e-16
1.054523217661096326e-10
2.482168638729839486e-16
3.961719227841226030e-09
4.335636298295724812e-37
3.966101132032223548e-12
6.183532002766225502e-05
1.615131228386737297e-16
1.992427255213278378e-05
1.355505121328588653e-08
3.690463671312424977e-16
1.240804022460738266e-18
9.514918191881446743e-04
1.982897518222649300e-02
2.851575922012785351e-18
5.294199572502786034e-09
2.918440161084121252e-07
3.586833059356206357e-05
1.291005974764911017e-11
1.234141719070697418e-01
7.187028560147180953e-16
2.125024437124701349e-08
1.420662273597011695e-07
2.823937154640763780e-01
2.158359713201320818e-22
1.067512020023144402e-02
3.392667864305951623e-21
1.129758263113956585e-10
8.988693199553510205e-02
2.529929311122635638e-01
2.315867067322722260e-11
1.045153541156836805e-09
3.243195395072610485e-43
9.147497647129378226e-05
1.231481016594913880e-01
9.100344299327957397e-04
1.461201504442087296e-01
3.295049246255560838e-01
3.590572791468888447e-14
6.250892791167880022e-08
6.389573325294827921e-04
5.470007796192666332e-05
9.054843755767417888e-24
5.336953431507647732e-13
4.076251973059112632e-02
4.796150272671640957e-01
2.554838961266521491e-03
4.104584909519889968e-02
6.037793449443002586e-02
2.765403932702901191e-01
3.925161612422074786e-02
1.106799289546919057e-02
1.411667403056286740e-01
3.606442997715573751e-01
1.621291882313122390e-43
3.373547599789012037e-04
4.948848053305840988e-01
1.840644936435885916e-07
9.331187530162751154e-01
3.273963143326077260e-08
9.714925805634765064e-06
2.160247550288399251e-07
7.410175673838064156e-19
5.836427065801678277e-03
2.355282836549547887e-04
5.213904825665484537e-27
2.097296149991322023e-01
3.130255286494055822e-01
1.779745545930488948e-01
5.059914065332257417e-20
1.504050252765541693e-05
1.177900351229161507e-01
3.134462279692773933e-07
2.905834598264473989e-01
2.398988879819166801e-21
1.298850513860604905e-01
7.099532060515859879e-04
9.606893365571493815e-06
2.452931927391331919e-08
2.576848437145305010e-02
1.039132367138109747e-01
3.831158329643800098e-01
6.480235418394367747e-18
6.114912300038687770e-02
1.597678313156084877e-23
3.787737758946331246e-01
3.892154932244099030e-01
3.064158382943671377e-01
5.556857749446422051e-02
3.469941824596531332e-01
3.217403765081405798e-01
2.806477950927127041e-01
1.507371547761580111e-01
2.340604368613320163e-01
2.618594240261150341e-02
3.309509796908659696e-03
9.180814064439721515e-07
2.259314336218783970e-01
5.882394144865268666e-11
1.882521154036249203e-14
2.052574071462239524e-01
1.761619122895901508e-16
4.008707798008526836e-22
1.117070650747244709e-01
1.874881691856380428e-01
1.678386825515200964e-01
3.843053767571393692e-02
6.134748685795918255e-02
1.087001261310946219e-24
1.989025656797169622e-08
3.784456414711669797e-03
1.575088550290182077e-01
6.029401211984310865e-02
8.165111904330502046e-05
1.337403282633918555e-01
1.152164240063017903e-01
1.539133755306553442e-01
4.926791880326948647e-02
5.063807342422470270e-02
2.236897608957500931e-220
4.498202693688684306e-01
2.709030033411910510e-01
3.304983446772258148e-06
2.863360583459850783e-01
1.455139740016315152e-02
2.111422562924399060e-01
1.880747053125567947e-01
1.754030375674136345e-07
6.251500390427484621e-01
6.178217824830711108e-02
4.048102795120758924e-14
2.418179671342677306e-01
1.819396390616934145e-01
1.441988187561006052e-01
9.875075262725609149e-02
3.400072937415060670e-02
5.870847063487470013e-02
2.151719615406237907e-01
3.924874625443712758e-17
6.708945923883874451e-02
5.366246660816390707e-02
5.700322711554065697e-02
6.508115582823256751e-02
2.118279063597450218e-01
1.628307715148615831e-01
7.951099869772398375e-09
4.289349764925327047e-01
5.311504323962436963e-02
6.663897044985851725e-02
2.926415093684066604e-01
4.147080130104563445e-01
1.025777188126125450e-01
9.572611156378946218e-02
3.285992317202163226e-02
4.141535720250424241e-02
5.620716547387590717e-02
7.764441256133980396e-02
1.050322943710307322e-01
1.561352744167958939e-01
9.417956107436624424e-02
1.204409597756220945e-01
4.335321161993797856e-02
9.427422552698484781e-02
6.184594385263100097e-02
1.016439071691380980e-01
2.456862011888178930e-07
3.654392671227900680e-01
6.759611438296568603e-12
1.961695185740504888e-01
7.305272772469834086e-02
7.949271148437432599e-02
1.468724312222989548e-01
1.117061384755696773e-01
5.723795755752706521e-02
1.399955795001639469e-01
3.688895694845759771e-02
1.547909711575494174e-01
1.644492450974673421e-16
7.313432343563547322e-01
3.634571191681967798e-08
2.429320260273071519e-01
1.573771758551333333e-01
2.879283653940728493e-01
6.283674846780158696e-02
2.452757939900327699e-01
6.930026530662318496e-02
7.981717335832395899e-02
8.268685323252020214e-02
1.420492374509144118e-01
2.729825264087644768e-02
5.222709133270956455e-02
5.055485552560930879e-02
3.521279217940313788e-02
2.815580360075356503e-02
3.284454767314616569e-05
6.358517573781911902e-02
2.838301684373858991e-02
5.274916676499706580e-02
1.346574901213168883e-02
3.168400210774161702e-02
3.572793648268061256e-02
2.993287531535263751e-02
6.393949374962772103e-02
5.167891039514834611e-02
1.036597019045272239e-01
3.344850303733007402e-02
2.849880392279564162e-02
7.397374756063564150e-02
2.566157872909252680e-01
2.081889733221202118e-02
7.782910763249221986e-02
2.015487014247373254e-01
3.291045599306618996e-02
4.857675935958133406e-02
5.687707085850548377e-02
1.079489281661756735e-02
3.164084130299478770e-01
5.376208700966153553e-02
1.648499243993060276e-02
2.290441083588398014e-02
1.017752633511768562e-01
1.727296521605167778e-02
1.333579076636653635e-02
3.257968750865367080e-02
1.742968163330128190e-02
1.358678850203484841e-02
3.442755451622166868e-02
1.791395260084088087e-02
1.119368865127758593e-02
3.409750588204954469e-02
3.417170055331433115e-02
1.540112443961979410e-02
7.838525509328082147e-03
1.124898683991407480e-02
1.206748340281257013e-02
6.295464250632753882e-03
2.009220093570424776e-02
8.614913418943702730e-03
1.192690991084867716e-02
2.078495852088753093e-01
1.260467742076187142e-02
1.042958123214110869e-02
7.708934008568049667e-03
6.498827880078504420e-03
5.053559907888345235e-03
3.029254378771381248e-02
2.309022336807875844e-02
1.256938724355530571e-02
3.339785424551730553e-02
1.219634553432080368e-02
5.479004385750993467e-02
5.367268361147042172e-02
5.481826453663620098e-03
4.329997993845018794e-03
5.654761066896895477e-02
1.022652145586421327e-02
1.297844092193298736e-02
3.431549768819584789e-02
3.341081325108567757e-02
1.955699481756998509e-02
3.348492832244472084e-02
3.307653232390770064e-03
1.371345739292024329e-02
1.303459464908622101e-03
5.364331496751849684e-03
4.609401041746418771e-03
4.560752157293526676e-03
2.018752428432201568e-02
6.058463119023178509e-03
8.140497858566377726e-03
8.475608845496515392e-04
3.043825115206085126e-03
8.373531233230242440e-03
7.257410585938321680e-04
1.463083353691071445e-03
1.032214948193845364e-02
9.252286568878590476e-04
1.955907016782622819e-03
2.392440490411629726e-03
4.525941578409269084e-02
3.038236075951037882e-02
2.250074041316202020e-02
4.572920601407349551e-03
1.548650115293091212e-01
7.089004203256169152e-03
2.248335742767519543e-03
1.729551043376877789e-02
1.473570061574613899e-03
1.560165085831393501e-03
6.850985652938187866e-04
2.653182348253304255e-03
3.781330617024263372e-05
1.829257781886383044e-03
5.701204571226822435e-03
1.891887837786026746e-02
5.932539519687366619e-04
1.108717621812531102e-03
2.999960563650483358e-02
1.235868058473325675e-04
1.793594697710027552e-01
1.421716747912240338e-03
8.481131571813736725e-02
1.879397858695527335e-01
9.751579933204936046e-02
3.609495224547265568e-02
5.906368783866544972e-04
2.383282684357561527e-04
4.408255197303616313e-02
1.740410888452987627e-05
1.441275137558694144e-02
1.126209900939868341e-05
2.029269290410656672e-03
6.558719658412403772e-03
4.524594586757937215e-03
1.225418725416982339e-05
3.788426715851738260e-06
2.313868616471941839e-06
3.124136310941999399e-06
3.499583916258721573e-06
3.515195696382696138e-06
7.230334345441557228e-07
3.426260032553173573e-05
3.474090122081074891e-06
4.074468172006003632e-05
9.580643979708955850e-05
3.514320421161431932e-05
6.671130042785281375e-07
3.545139475009449812e-06
1.110989311061040542e-07
2.294813949553141071e-04
6.788811829956341852e-07
9.242339586431049702e-08
6.468629435387174462e-07
2.292721432588080058e-06
3.596701014125679663e-06
5.670217784881248071e-07
2.074599078505694220e-08
7.749169987821659160e-07
1.378516297902153351e-05
1.216940384382705480e-06
2.259231572931109093e-06
6.810979723853750892e-07
2.346634531604641461e-06
1.582325342867344691e-06
5.885060551588356705e-03
8.735201717048074211e-07
1.182970255740994649e-07
1.728561671834433585e-05
2.204591609876812333e-07
4.955401559645584986e-03
2.761602537209857797e-08
1.189625050657912362e-04
6.612426802110369685e-03
3.156048620151599116e-06
1.677830512896395440e-02
1.225541884755299762e-06
1.368595294148965132e-06
1.060324419546056264e-09
1.116205492947137594e-09
2.764226557589420557e-08
2.695557125205025468e-06
6.471706595068399574e-09
4.365939571623819083e-06
1.263264220844009830e-09
1.235150107327673435e-06
5.538064784533642789e-04
1.195600795864774540e-06
1.260436034327453080e-06
3.457143896648493616e-09
2.089150042355472213e-09
2.231948225884972603e-09
2.259141443752507249e-09
2.266284529631052654e-10
4.670568155252111998e-04
6.255950680683658181e-10
1.715211041537008886e-05
1.908066200694356256e-07
7.013476540630310338e-07
2.051129610301931868e-07
1.222565208326591290e-06
5.380205105905101838e-09
1.328306039047878881e-03
3.352467165634000145e-11
2.208983146551604513e-09
4.919956099947721600e-10
2.277091203627348481e-07
2.171388689183727031e-07
1.675258974479434972e-11
3.131178375959962901e-03
5.626689706196049377e-03
2.766385161356697646e-03
2.449234513906263000e-10
3.388266264375464507e-11
1.758527700151501184e-11
1.666182744462709078e-10
1.913126458883516575e-10
4.372774403922294328e-03
4.652616583985046128e-02
1.341113810078955154e-05
6.781845773639257058e-02
1.729894771847722870e-05
3.783364198271662524e-06
5.676385462508790319e-04
5.098828191890589373e-07
1.878124624494416073e-07
3.218985310522086418e-02
3.561677188759301905e-06
1.325885495804959846e-02
9.625299858925697848e-04
9.680470492576850401e-42
1.040458837832784617e-01
6.153398701109900198e-03
4.893247904680974973e-03
3.021569719304312201e-42
1.934796551343503966e-04
1.002407966395987143e-02
1.702620505293788757e-03
4.551189435735559425e-157
2.336173807523313217e-01
1.554952248697563308e-02
2.277553208950160446e-01
1.149114353753518755e-23
2.343370104403106387e-03
1.666497916201951646e-01
3.483238212447254956e-01
1.268369434471171740e-42
3.795644594827621342e-08
1.654806052462958863e-25
1.109403048850147514e-14
8.315792226586623832e-04
9.972716740557088125e-11
1.224566549246930251e-02
1.005346209749629385e-08
1.081224329752213424e-05
2.487650278257450831e-01
5.728688000251607020e-09
2.182254383842602514e-42
3.002903836348275719e-09
8.334021166105016878e-28
3.369746203530668110e-05
4.861666732721480551e-05
1.579523212255627418e-01
2.539974160480033133e-02
2.065158698302992646e-01
1.602718802492926822e-17
4.641166831795750514e-01
9.022516720899610582e-43
3.637856664228374627e-42
2.506594612561847236e-42
3.288931795517406624e-43
4.249585236843618265e-43
4.362706495901378492e-42
1.174085742260013929e-02
5.915201814910107936e-02
1.581511727451214897e-08
4.816176734996496962e-03
0.000000000000000000e+00
3.012927323860018630e-02
4.005372331856699399e-42
3.293043468647849359e-02
5.463829594887673058e-02
9.515748732875465569e-29
8.103520085257485401e-18
9.626393874836251744e-44
2.409074412660801301e-01
7.294530229736417682e-18
4.696647685079380819e-27
4.306721592754439400e-16
3.649355274287707524e-03
1.811048749480189957e-01
1.726055935446624136e-38
2.486585881024050883e-09
4.190569625480965635e-09
4.088140056773503111e-43
8.186753238579684566e-02
7.746847861041486483e-02
6.441932092822889662e-11
1.053172860948537737e-01
8.855321963244705552e-02
1.887701102247281047e-04
3.783988537725463572e-126
3.399898844715864427e-02
1.622806476355895602e-02
3.231069064512888667e-01
1.547224995915957108e-16
2.199005492578829518e-02
2.595231774673875863e-09
2.536449449854034838e-27
1.014953700854827195e-01
5.406861143777725598e-43
1.618181142492011171e-01
9.791520082194031527e-02
5.291404840148640754e-43
1.315742163117324956e-30
4.265208601791861827e-04
1.979079640272007153e-42
1.748127533222486873e-01
3.581748949832502249e-01
5.650229958413681202e-04
7.296451374256732731e-45
0.000000000000000000e+00
2.118334785921712027e-35
2.189078691486093523e-42
3.243466926757310431e-43
6.259901449709641928e-03
3.184093298647519271e-42
3.886844880585123979e-02
1.832509294562493088e-14
1.768345468635968212e-02
4.628364954695051575e-03
0.000000000000000000e+00
4.586099955338169342e-10
1.693546564296048674e-03
1.829386003203444559e-103
4.910008492109463724e-53
1.682805597797787101e-01
6.837346338364716676e-03
2.967809161629691439e-01
2.366710922640751294e-03
1.283289005593929270e-02
1.310260987107343846e-23
1.427132647050970704e-01
6.883452676152481552e-12
2.220181960000958559e-06
5.063936874577443508e-05
1.015258512568367201e-42
5.475762899191592009e-02
4.494569785600303034e-03
4.652101364483853675e-12
3.138068712724218987e-03
3.690091680473246758e-46
7.417260940173388099e-03
9.765974837307288270e-02
7.062358101198839000e-01
3.779224107344352725e-42
3.833835549984632857e-02
6.938722226797745011e-10
6.591099029354052612e-03
4.709732308851582739e-05
7.720811359961414225e-42
0.000000000000000000e+00
6.168422845269112553e-01
1.746828759514668742e-43
7.189977515417456111e-02
2.384262898867111767e-04
1.269621293119864397e-43
3.093558972627379888e-01
1.569535765632075216e-42
2.994704433076283978e-03
7.172496261808965761e-36
1.096722401318825399e-39
4.469341001119163418e-14
4.372353358686508617e-33
2.049194597159062145e-02
5.415842187057571394e-02
7.138668016970101195e-18
7.891138523674390975e-03
1.070039747298110822e-03
2.489338999527627716e-01
2.041379440464394842e-03
3.445704439586837198e-02
1.600398162093191468e-01
1.303800071838826202e-43
5.862251871193704872e-08
1.000000000000000000e+00
1.210470902445004376e-09
1.842771745709868483e-34
7.839593820299360202e-11
6.403105302186477832e-02
2.370358889474760353e-02
1.574500227327029281e-02
2.429411249188987898e-05
1.246048133446412862e-04
2.220532797218865386e-08
2.254797197915011098e-01
7.568294154053203937e-03
1.908507939186584734e-01
1.720755977623772572e-05
1.612713501502054073e-11
2.386323298818759036e-07
7.721056599276081463e-04
1.335869350888364560e-01
1.416240234595075864e-01
6.234909401450465438e-11
2.030284134090482896e-03
1.361715932738910572e-18
1.030789102574544529e-02
2.179060548697745967e-42
2.292492209944301251e-01
4.817125071415652047e-04
5.376721280031342837e-03
2.008218425430336948e-02
4.096486747733659589e-02
5.924238390042699809e-01
1.631821826386095951e-07
2.247439169085304992e-09
1.785709276689111807e-02
6.745174658870345050e-03
3.449847474234055047e-03
5.173916426244158373e-01
1.893960657796593759e-04
1.861938324107167628e-02
1.088770293864444322e-01
1.467786682825933664e-01
8.596947122652969994e-03
5.383449922633512402e-09
5.768948663617252948e-02
2.582825877373586859e-08
0.000000000000000000e+00
6.729209594156559992e-04
1.505988794741531037e-02
3.265512181913278606e-43
2.101859672523180567e-01
1.581955688567681928e-01
1.008581490574697592e-02
1.165524340781307276e-42
4.984837496132544371e-02
1.244682728623625349e-04
1.126330758487786973e-20
1.306558532655297977e-06
5.628394151705350861e-04
2.242740749894736596e-02
2.685287698318697016e-10
1.860060877704615675e-05
5.870488679346303950e-10
8.291430046748543212e-03
3.439277598137695286e-09
2.662422604381856611e-08
2.253662778822856927e-02
4.966304975637034214e-04
1.905690600916935167e-03
1.157220814642037805e-02
4.935537239268764711e-07
2.549079866806529493e-21
1.087425720430609116e-01
2.237199854495522736e-02
3.948558243730813271e-05
2.809667875223869967e-06
5.796514451230807989e-09
2.059634084473388818e-02
6.227540327741658624e-03
4.896035802030395138e-10
2.134939416565034871e-09
6.849903860562280905e-09
4.347653787527582803e-01
3.817808860184075480e-05
1.209659788882183660e-12
6.311436100273295904e-15
8.607574883776779318e-02
7.650987703938948517e-03
2.213211063359471447e-08
3.613882925937799209e-03
8.316962832980620557e-02
1.533483546537063244e-02
3.385379702987119377e-02
6.116982744209703560e-02
3.907062566049188806e-02
2.017413760598433803e-01
4.664738366330873492e-02
2.708941164760483933e-10
3.474131557007955037e-11
1.146067795887321484e-05
5.505388153875537954e-02
3.864141134331352813e-11
1.976057362623748204e-01
2.414168000485261015e-06
1.160034105064835376e-07
1.159649798404652904e-01
1.174189261324764533e-01
1.594393903362074927e-02
1.585693979679458743e-07
2.255905054461784920e-09
6.534125681751936481e-07
4.002180005633727145e-38
1.498418213183340050e-02
1.702005370846259857e-01
1.555136937009577184e-07
6.518648350777150392e-07
4.918863181129078110e-02
3.370910220945946732e-11
1.986634887000516414e-07
2.470141895472219525e-18
2.687154858419422985e-10
2.415708541752903948e-01
1.222661658493375131e-01
8.386293621119347484e-30
1.189536190095671041e-02
5.228981200814630803e-02
1.523412720767564928e-23
1.546547804120322682e-14
1.143225367706905460e-09
2.218214064869532016e-08
2.162843199360420872e-05
4.378772052513060727e-05
1.508699052427450032e-03
2.137162391710256016e-11
1.683725548512846060e-01
7.298600091674975735e-22
2.560281523731642859e-08
1.732465979012167311e-11
1.751882613697563148e-11
3.469100092999451698e-11
6.174529395400966264e-02
2.746604992056742929e-08
3.812299268928164518e-05
1.834284515760880860e-07
1.027647948813990332e-02
1.232463174283507240e-01
2.979151818966112987e-09
5.759629816590122375e-10
2.022494197134193632e-03
3.082462609013815295e-04
9.398668643150498646e-20
1.169103019413575641e-17
9.352075400133152434e-08
1.426228737270735826e-02
5.899508676185107476e-09
2.221583473192035105e-08
1.950610106640724914e-02
4.669446210210640181e-26
3.789844900001454551e-05
8.254416231849681394e-10
4.138736193641388775e-06
2.560323757138005876e-02
1.185407907286580151e-03
6.060108739241960153e-10
2.074646773375787704e-04
1.078174148459531624e-22
5.434446417181835938e-09
4.766983401766989453e-02
3.445719617375117203e-08
1.240448904087906650e-04
2.569115487826373213e-21
7.024743111988111018e-04
9.555084210148119468e-81
1.035695506026417110e-11
1.762737909670453530e-07
3.904326163858492282e-11
3.389482599173832622e-11
1.614223058089555245e-05
2.337391814375846317e-06
0.000000000000000000e+00
7.235849852756978976e-07
5.132769269732700285e-03
1.777422252901636121e-02
8.778358601894079002e-43
3.597650506211996373e-05
8.443812102090848121e-03
0.000000000000000000e+00
7.654092787385831585e-43
4.301153389195314949e-43
1.983023560991326003e-11
2.013487427032453875e-11
1.520867520072194563e-02
1.808875388690016063e-11
1.191656836644007883e-09
4.727558103700324130e-03
9.651916925019901503e-18
5.184253918455387553e-07
9.771897431661276043e-03
5.883273826718215093e-09
2.637708927811421508e-02
2.123300715002676350e-02
5.600583770465707606e-07
2.443255799827048422e-03
7.750327699550187010e-07
2.327043502822793250e-11
3.710131977387222668e-01
6.142872141558269396e-07
1.412416932824115210e-39
4.597029519893089755e-06
2.057758693876975186e-07
8.324640583648649714e-03
7.057256523740810085e-04
3.541055182774285405e-09
1.914204795871844375e-02
1.245008491789569174e-43
1.719579966107420355e-42
9.971391134770343778e-02
2.380876232917247308e-31
1.390483614677572090e-43
1.370037440528785316e-02
1.013197098879550263e-02
1.168237331562449743e-01
0.000000000000000000e+00
1.715164368319216093e-01
4.307258701065814349e-02
3.531537712304671367e-03
6.514960839901474954e-03
6.468409007250165372e-09
7.601018416869365734e-11
1.361469400379637651e-02
1.814016432738741976e-04
1.337125852675166540e-05
1.030370122158934948e-01
2.154161053792279383e-07
7.743912604334728111e-02
1.191147809550651052e-06
1.198168897332585331e-01
2.814140993436358793e-14
7.560374115878632124e-03
3.546202566452123127e-06
2.254546907943067343e-30
6.406045339418429095e-03
3.813474965968815732e-20
2.777019018688661398e-02
8.856819766832967190e-30
2.618954478021368049e-02
2.157548468738612165e-11
1.422090371276641119e-01
1.433570103802722743e-06
5.404671309690449454e-02
5.686427498840027203e-04
4.218369542615630250e-36
1.814248189957708424e-42
3.073014122331910736e-01
1.318296871579540843e-33
1.654530725233468742e-03
5.502217222134177937e-02
1.250224152284222234e-01
5.862635097412331082e-46
2.244526311646659468e-42
7.719230725870176347e-24
2.112500227964851998e-02
1.088950385527944424e-42
2.237920110991089596e-03
1.716961506421378404e-07
3.452155182458066518e-02
3.373906390561964808e-48
3.312971808056774881e-09
3.910243591105552197e-01
1.712768846016285429e-01
4.243715553891468757e-48
1.405075226464139009e-02
1.064171885354004004e-05
9.577308175395670485e-13
8.140157358057447163e-07
3.682381023157086852e-25
1.182505640727086306e-19
1.474627964205418862e-02
1.701317823057545446e-03
2.174557444321553987e-09
4.841943683900700964e-05
8.846326817449684716e-05
2.372238036274420632e-43
1.607940791019289529e-07
1.702870885909250874e-08
3.440738945097850943e-01
3.586615198845333197e-01
9.036789641351437235e-17
3.943798430409942851e-02
2.559040045230613218e-08
3.377593818684566751e-20
6.585405963698831577e-02
3.142544915562602709e-02
4.347413597102737222e-42
3.263746036725596184e-03
1.406393276004037600e-67
2.367646842210619634e-02
1.718699270992883055e-01
5.938806130375896136e-02
1.214874421010249724e-05
2.777657461624289184e-02
2.122008493019975406e-18
1.119188544551285094e-02
3.330335338483648284e-23
2.062891233356678333e-05
4.345910295940929036e-31
3.011459923298176120e-02
1.647027767557031840e-04
4.837501425978961433e-02
1.516137587714330691e-23
1.180509269240251508e-09
6.243730678557646990e-03
1.616648380472797184e-23
2.185335510788423647e-43
2.551342710778283688e-08
2.526813492548014138e-07
4.820924773394549484e-06
3.080193657172696361e-14
4.885452096517410714e-25
2.569606722514399255e-01
3.890464060574892396e-84
2.746602364992694745e-32
1.288106672484983992e-02
1.901789472960899668e-07
1.989892466214604749e-01
3.314481165348402624e-31
3.500210416801641098e-05
2.400226149807221238e-02
2.526258400465318174e-02
