# level assignment, log likelihood, tiebreaker, ID.
1 -323.847183107 0.997862187942 5
1 -340.686771523 0.315073604203 2
3 -286.235313102 0.228477441937 4
1 -341.584541203 0.844981655288 10
6 -255.533213606 0.581719050673 4
2 -289.851509039 0.0341666330527 5
3 -280.579857797 0.0216433257563 1
2 -254.681977074 0.771606150747 4
6 -256.38030691 0.237521920827 9
4 -272.827429297 0.379768989693 4
1 -339.158407904 0.455439721799 10
7 -255.177574218 0.741542822577 4
7 -252.569718319 0.425318993647 2
7 -256.110560838 0.295697263468 9
4 -265.666254173 0.0126913313712 8
10 -251.414202793 0.814469899474 11
6 -252.934949444 0.330331020339 10
13 -237.157567623 0.455081093351 6
8 -253.188106315 0.812213684835 5
16 -234.584099925 0.474906970765 10
12 -247.817864624 0.263477169919 4
16 -234.470348022 0.804681043807 8
13 -241.636242992 0.478688845202 11
19 -222.16932469 0.735175224322 8
5 -258.927117437 0.729647860417 9
18 -231.266851607 0.729842714127 5
18 -229.631052254 0.222317079778 9
0 -399.14617667 0.872049052116 2
21 -221.170109282 0.749043979358 9
21 -216.510865224 0.705488449857 11
13 -234.043460962 0.704828553703 7
22 -215.607672386 0.136512956519 5
12 -246.003657227 0.320529776857 9
13 -244.021359817 0.375340835054 1
21 -221.262354629 0.272353818399 5
16 -232.655203742 0.896003739173 4
14 -239.162106463 0.544498777972 8
20 -214.777236859 0.563534024386 3
14 -236.60439206 0.717180075122 7
16 -235.228326122 0.34723020387 0
8 -253.856533626 0.224872248139 6
23 -213.897006679 0.122851348017 11
22 -213.629727389 0.0951080294057 2
13 -242.045541217 0.620012836727 4
9 -252.646141163 0.0101694553204 7
23 -211.704993271 0.238792646172 3
22 -217.848927533 0.752771121713 5
26 -206.729312033 0.340170926524 8
28 -203.406130615 0.938870507847 4
20 -225.304612219 0.00993482330448 5
18 -228.831361595 0.952454524977 8
18 -229.765145343 0.565879810554 5
10 -249.248613889 0.0794356882498 8
15 -235.911365615 0.304353458566 2
24 -211.348144176 0.884821128693 6
26 -206.85205235 0.946514362216 6
30 -201.339733823 0.680516942849 0
22 -211.676503242 0.69241918726 2
23 -211.84582975 0.393874336961 10
33 -196.607232856 0.259192112549 0
32 -199.442746604 0.0217286705592 11
25 -208.309120519 0.853360244452 5
29 -201.32977506 0.883693650146 4
35 -195.925736105 0.238612865531 8
9 -252.916844392 0.632525551966 1
35 -194.630184355 0.523229056416 0
15 -237.07223685 0.488733734603 1
37 -193.586154367 0.958207282648 0
34 -197.094878289 0.626483482077 5
27 -204.81945394 0.442390494406 0
34 -197.340304607 0.339661413721 10
33 -194.87109737 0.226997902568 9
23 -205.660563473 0.409497846997 3
24 -211.42022679 0.473186682936 3
18 -228.733524323 0.455471248853 3
37 -193.946154734 0.111235457457 8
35 -195.973632277 0.226447297867 2
39 -189.19888405 0.574819872013 5
34 -196.22110908 0.611378860102 8
28 -201.7470432 0.998513043457 1
32 -199.658008572 0.718758496454 1
32 -198.663173115 0.254295210507 6
36 -195.307769165 0.107595301349 7
20 -221.672758341 0.830667922181 10
28 -202.619741797 0.0124916517769 0
26 -206.42043121 0.221845398953 1
32 -199.634206654 0.93078595353 5
40 -190.494692994 0.515862264458 2
5 -266.871287008 0.246238859057 5
42 -188.225735464 0.357373759006 10
35 -195.950264371 0.0696544427585 1
28 -203.530386184 0.0361318982594 3
24 -210.277032752 0.101164320609 4
37 -193.539430523 0.303013357166 1
44 -185.528449768 0.997920579547 2
44 -187.643254149 0.773225078983 2
45 -186.212547019 0.0820648080957 8
46 -185.546081492 0.281275595212 2
46 -185.580527901 0.457809455746 6
44 -187.554459377 0.804658397174 9
47 -184.769618339 0.333288839247 10
40 -191.050672718 0.565767061033 11
49 -182.807213415 0.779777148131 9
35 -196.51617256 0.904417986438 11
44 -187.126555333 0.956898045701 8
45 -184.927646932 0.510136799409 2
33 -198.577147523 0.650603459855 4
3 -285.302541129 0.880899088089 3
6 -259.160807519 0.925600659256 3
47 -184.292100751 0.701018986779 5
51 -180.349545304 0.974338579529 2
43 -188.346288969 0.489691006195 5
38 -192.287738402 0.340755361193 7
54 -177.587364171 0.903125456856 6
54 -178.072433668 0.740659357205 2
51 -180.092042748 0.458122518034 10
4 -273.834073757 0.273291169884 7
49 -182.573679484 0.587525850964 4
44 -187.337994519 0.974107689786 9
31 -200.617493732 0.186805470426 0
53 -178.476613648 0.477742323643 10
48 -182.818025007 0.016702618956 5
32 -199.609245073 0.715773877691 6
28 -203.51412373 0.36945246558 3
54 -178.147891028 0.737530079024 8
50 -181.319838701 0.692520562278 2
41 -190.54819935 0.105779728186 7
55 -177.683866312 0.062230485155 4
44 -186.863448376 0.941237950071 0
47 -184.58490621 0.675762426142 9
56 -176.984417104 0.916681665041 4
54 -177.095691149 0.922830778143 2
37 -193.976641293 0.949367393834 1
56 -176.743866068 0.582479896807 11
39 -192.188854966 0.503232500992 7
24 -210.434380107 0.291118622031 0
34 -197.04946676 0.501138535075 3
46 -185.275748562 0.0177155167571 3
38 -193.562906647 0.64144784107 3
42 -189.617846197 0.938654315153 8
62 -171.489738478 0.0418726083217 0
57 -176.003436711 0.0361428915783 2
56 -175.000569633 0.753729992823 2
52 -179.831404761 0.719711477372 11
46 -185.805039603 0.55308414442 3
53 -178.875721319 0.706073156916 8
57 -175.122671106 0.689351123489 9
35 -196.052687369 0.58757572232 6
55 -177.441749675 0.827065229472 5
62 -171.080841121 0.708311625638 0
48 -183.181128621 0.487172495069 6
51 -180.833174657 0.5606395197 8
58 -174.967276309 0.20699506945 5
49 -182.682421068 0.216740880299 8
46 -184.989466878 0.694445230724 4
63 -171.974781951 0.0319947478394 10
67 -169.846457828 0.32298762243 10
68 -169.351512107 0.528148678863 1
61 -172.359043404 0.0766009925085 2
69 -168.827993354 0.808595696043 7
62 -171.614608922 0.37092194644 2
60 -173.994148958 0.706228327653 0
56 -176.258099527 0.658908044622 3
71 -167.027958547 0.245400382957 5
54 -177.614403958 0.712155533552 3
56 -176.240416704 0.928757087348 8
47 -183.365495508 0.961811591146 9
67 -168.993439775 0.441790474461 4
70 -167.995004591 0.0648153847642 2
67 -169.72876663 0.725225747533 1
51 -180.930199793 0.130104904783 10
72 -167.610047882 0.474723655186 2
57 -175.63274815 0.304283020082 4
59 -174.367926931 0.45691431352 2
60 -173.743001546 0.128556627047 4
69 -168.661001805 0.840752167633 0
60 -174.020261701 0.159917747503 9
70 -168.155596591 0.646141215903 0
61 -173.641376718 0.800555280388 0
63 -172.037569459 0.49817570954 11
68 -168.550228423 0.581853677446 6
62 -172.837098283 0.987729005292 10
66 -170.12740522 0.585911278165 6
54 -177.965978728 0.198410301664 3
55 -177.401614448 0.0582644811738 3
65 -170.735594374 0.51764189698 0
75 -166.163198913 0.0326243933067 11
76 -165.467458833 0.503330154665 8
76 -165.939975246 0.61703814988 5
73 -166.527670065 0.791468789188 7
77 -165.387261042 0.306986271914 8
50 -181.260880076 0.373747332125 9
70 -168.258094904 0.336002384641 11
81 -164.173753974 0.316169468421 5
80 -163.622745923 0.804041357744 1
77 -165.201738665 0.302900840568 2
82 -163.912068655 0.671793592337 7
82 -163.676179695 0.448960273262 4
58 -175.456334075 0.444167094856 0
64 -171.711951142 0.952853687329 8
75 -166.412105449 0.548855655951 2
68 -169.128558583 0.904378573723 6
77 -165.782106517 0.785165124244 4
63 -170.596514785 0.672197791728 8
80 -164.770538461 0.010856452582 2
62 -172.160248346 0.523904578757 8
53 -178.604517847 0.883681393873 3
80 -164.677582361 0.326168413491 1
53 -177.802789345 0.833576975224 9
46 -184.646164313 0.297807497065 3
86 -162.894154396 0.969332473031 2
87 -162.114460042 0.445054619044 4
84 -163.072065403 0.714033699599 5
84 -163.337489786 0.775177194777 1
37 -194.446025014 0.931941029904 10
84 -163.284448729 0.604900191642 2
86 -162.74834905 0.0454465563298 4
85 -163.079519471 0.359889422106 6
13 -239.833453546 0.334460304797 10
78 -165.281100137 0.816590993163 1
83 -163.640755809 0.878608676494 4
5 -261.180075033 0.073320274348 9
4 -271.331239123 0.239012762332 9
85 -162.792106825 0.0627348884898 5
81 -164.476743732 0.816913806632 6
86 -162.382035079 0.220161243813 5
70 -168.21011328 0.766909330087 8
59 -174.723133796 0.971582285949 2
9 -252.87636814 0.118641095995 3
53 -179.054274201 0.485358871594 7
66 -170.417683463 0.961301810438 4
76 -166.10806065 0.130499584548 4
79 -164.355260185 0.610189695886 6
53 -179.121101372 0.987353703189 7
41 -187.185746472 0.455064631784 1
12 -242.545233705 0.31698467584 0
38 -192.265211623 0.588494773939 1
30 -195.952457854 0.493059596919 1
36 -195.147341676 0.133760290017 2
47 -184.384253882 0.868011958898 7
87 -162.568587191 0.743236593841 4
36 -195.045558369 0.868853382251 11
5 -259.570185955 0.589634175059 3
58 -175.420786875 0.674219457422 5
18 -224.127624322 0.390629387674 11
62 -172.08741321 0.0754438835448 5
47 -184.140996256 0.493897974234 2
80 -163.679622463 0.352229745267 6
62 -172.88577947 0.346697263297 6
66 -169.726939805 0.102499653854 6
50 -181.581287 0.734997089512 0
31 -200.269907199 0.613305367312 9
7 -254.638793627 0.69755598674 11
59 -172.79736221 0.225649285757 7
27 -204.438637781 0.526014289082 9
63 -172.262874793 0.0198230570884 6
8 -254.144955643 0.344345437128 1
78 -164.62115011 0.692196724409 0
87 -162.501700787 0.450993165281 7
52 -180.150473836 0.54999323405 2
17 -230.848766838 0.268701384097 1
49 -182.315717009 0.767118012625 10
15 -236.165270481 0.569408223666 11
15 -235.401459379 0.183157674202 9
26 -206.749916497 0.451996461697 8
10 -252.154710273 0.916033582845 2
22 -215.545822902 0.0894050917094 11
44 -186.995369659 0.620638708415 10
61 -173.607591592 0.0167430488668 3
19 -221.869787915 0.899585119028 8
62 -173.030438374 0.489100467365 3
81 -164.207019789 0.397311340688 0
78 -164.975211912 0.405656151406 0
85 -163.059202986 0.457771783093 6
43 -187.999404402 0.272744152437 4
13 -242.131703026 0.866700780248 8
14 -237.759373775 0.422857252043 2
21 -221.813895408 0.773433680263 2
48 -183.327127517 0.75083256858 5
46 -183.375259407 0.411774109539 4
51 -180.621484264 0.572591442668 9
51 -179.600154518 0.697534486933 9
87 -162.441880583 0.557173171613 6
37 -193.464746935 0.980515562172 5
26 -206.649113566 0.765109707697 2
39 -190.967026357 0.958876129838 7
32 -198.105256672 0.0108286257789 7
43 -188.616361687 0.690182953883 9
47 -184.221399426 0.280434915196 9
73 -166.816771865 0.722793579138 0
0 -325.616066742 0.148894670912 11
85 -162.960496646 0.766986723098 0
62 -172.411495789 0.643234414524 4
29 -201.039773827 0.476989521242 5
28 -203.547889369 0.164875324355 5
72 -167.094266269 0.715247607604 6
16 -234.448508097 0.952912578856 2
86 -162.425170573 0.137099205688 0
25 -204.698075647 0.800357609918 8
15 -235.186116466 0.526863729144 11
38 -192.74317939 0.268113713301 8
70 -168.387228137 0.935125024994 4
14 -239.241014548 0.587635693511 1
58 -174.867040387 0.74200139584 6
13 -243.720360497 0.542894027393 8
15 -233.833331552 0.943529986098 8
13 -235.61049257 0.889664834061 1
74 -166.858193257 0.248933193491 4
49 -182.329598375 0.0494212542209 11
0 -708.950818807 0.596021696579 5
58 -175.122816551 0.716428542363 10
43 -186.929097137 0.628087818771 2
68 -168.350208533 0.788744453991 4
69 -168.447164133 0.388334409535 4
40 -191.343132292 0.617654192183 6
62 -172.766229878 0.599722920347 10
53 -178.765758578 0.0293680268488 7
51 -179.697103803 0.952950029622 7
34 -195.982465993 0.103182107824 1
76 -165.721595741 0.270864347845 4
68 -168.125755036 0.827485564814 7
50 -181.404203416 0.55485812523 11
18 -230.244947448 0.996864955434 5
56 -176.694040196 0.433356231856 10
84 -163.42110144 0.93401992201 0
59 -174.224695535 0.791336016109 10
62 -172.846899551 0.615407203971 10
48 -180.995800181 0.572722677716 9
47 -184.120176557 0.374547134011 9
84 -163.345161172 0.996278235829 0
67 -169.158153486 0.432884210304 7
84 -162.643366629 0.281117563355 0
68 -169.422840915 0.348357830956 11
66 -170.413793964 0.27544082398 10
28 -203.511017378 0.942168036425 3
78 -165.155100043 0.853680176809 4
84 -163.198388424 0.275282168107 0
60 -173.322546765 0.315268522453 5
36 -194.942884947 0.636813396352 1
43 -187.628246383 0.972363643016 9
45 -186.033233979 0.641163922212 9
71 -167.782243582 0.0513140552301 6
29 -199.117348243 0.5999097608 9
30 -200.335252349 0.758882395929 9
7 -255.702622563 0.282187583443 3
64 -171.549106977 0.102104843168 7
70 -167.756020067 0.58196413524 7
85 -162.6421886 0.453942362859 0
10 -251.795559984 0.0103597245065 9
77 -165.615480299 0.816490631906 1
11 -244.717965557 0.860012167778 9
38 -189.52058361 0.600431999174 7
12 -244.397176937 0.990485788318 9
63 -172.232876239 0.533585076652 10
63 -172.067991995 0.421966721834 10
46 -184.916140313 0.231686657549 5
60 -174.036089397 0.748084485823 0
29 -202.628520995 0.102351606471 9
87 -162.632662641 0.748239869537 6
45 -183.798007442 0.967618461905 5
58 -173.626480678 0.723538063407 0
10 -252.55461111 0.112924437411 9
68 -169.343336259 0.988838667807 0
31 -200.512976041 0.395020397324 2
5 -261.322068036 0.132276978387 11
1 -305.548737025 0.452955890701 11
33 -197.587755079 0.829229614942 9
66 -170.468841315 0.72034649582 8
63 -171.287319125 0.889733511955 5
76 -166.159914236 0.976389646243 4
11 -248.219124007 0.258948608353 11
63 -172.121531054 0.621532620148 0
47 -183.574780361 0.247039123896 9
42 -189.369191859 0.789239533937 5
41 -189.762646964 0.552496497621 7
54 -177.20780135 0.799762072124 7
80 -164.206712537 0.264895722744 4
2 -281.67359551 0.460814588423 2
28 -202.091192274 0.204486032205 8
70 -168.243692991 0.334837364959 4
27 -203.109567338 0.782565986475 5
82 -163.954930671 0.648871342544 1
1 -288.255878808 0.40521334176 8
20 -223.491893812 0.454688298642 2
38 -192.088398853 0.0789637642326 5
11 -249.386260404 0.142520739829 11
8 -253.990429104 0.186073723671 3
30 -199.950927006 0.184481075621 10
29 -200.620871009 0.714832532251 2
85 -162.765094357 0.754343830028 6
29 -202.465441045 0.427229817427 2
32 -198.929529628 0.383635166099 2
76 -166.10698348 0.94870082632 1
78 -165.426194701 0.579012264851 1
76 -166.025129613 0.983528844504 4
67 -169.712303362 0.704367130189 4
24 -210.784262908 0.931527576046 9
47 -183.430450074 0.924632691835 7
83 -162.850582865 0.981381658673 6
16 -233.292219939 0.767147247025 9
61 -172.522622348 0.571018600861 0
14 -239.942388403 0.343455666304 3
28 -203.380550648 0.0188609650523 9
21 -217.876905001 0.893676944165 5
6 -255.913762731 0.207620386899 8
76 -165.98229725 0.839445671144 4
66 -169.262493436 0.115930360551 1
28 -202.76806512 0.985771637678 5
66 -169.999736269 0.562133057308 4
18 -231.509005626 0.594615712231 8
54 -177.867768588 0.043023876682 10
8 -251.546569292 0.809558742721 5
83 -163.64258786 0.629124007111 6
65 -170.918809753 0.00330033465158 2
18 -231.135208135 0.011270872148 8
49 -182.631867131 0.49446629016 9
68 -168.85869918 0.655407933198 0
49 -182.837545864 0.196660440172 1
30 -200.457740879 0.717642541203 3
65 -170.411521192 0.916026655005 4
77 -165.743599326 0.268378354598 10
24 -211.543774562 0.584547632801 3
54 -178.378678544 0.00368502848182 1
65 -170.334469389 0.506281594915 2
22 -214.439124319 0.95990135354 5
53 -179.287245924 0.0501792200553 9
56 -176.877081773 0.0640943251192 2
30 -201.075476968 0.0196242750611 10
72 -167.150063252 0.138260343322 4
45 -186.208713289 0.63608798361 1
49 -182.515578414 0.244221874977 2
33 -198.452887747 0.906776334979 1
34 -196.134990927 0.513397533759 11
45 -184.202463437 0.847844120071 2
4 -268.083048916 0.668313111391 10
27 -200.841885115 0.499372719889 11
68 -169.191564392 0.340648642407 4
56 -176.827475869 0.326628840659 8
0 -346.404166928 0.907086274991 3
32 -198.431693001 0.860728485112 7
31 -199.021577732 0.765466576725 11
1 -298.219059268 0.0984424088864 8
2 -277.213329764 0.864866310466 8
61 -173.493509291 0.816954462456 2
39 -192.369741019 0.455463456681 9
57 -175.852981306 0.994413283853 9
24 -209.381479616 0.374524248097 11
65 -171.068462909 0.719342567423 0
3 -282.339303642 0.0286573632016 8
33 -197.92471193 0.973775430851 11
20 -225.301266482 0.582326351514 8
2 -303.941896912 0.459039725684 10
18 -215.861643787 0.936027323684 3
36 -194.65893779 0.381324683293 1
5 -263.332482447 0.825530957552 5
34 -196.875982525 0.264442807929 1
10 -249.289729643 0.371935388108 9
81 -164.339510188 0.679236863445 4
48 -182.689187183 0.378311148684 2
15 -236.14645273 0.389490997621 9
36 -195.221704436 0.61934623791 3
28 -201.807332334 0.0528415987718 3
62 -172.914393441 0.766048472749 2
9 -253.261151181 0.492634946984 11
4 -265.399313139 0.890217072765 10
41 -189.909053523 0.990101646999 1
6 -256.946968971 0.699110399213 10
87 -162.630266029 0.898394512551 6
87 -162.566944228 0.379344087652 6
39 -190.83638626 0.0324316708183 11
55 -177.606229922 0.979477853306 7
26 -206.06153641 0.633629140334 5
10 -251.261824804 0.169829133871 8
23 -213.44210332 0.61176389757 10
43 -187.437048247 0.981347224851 11
38 -192.517179938 0.609933312541 4
53 -179.248487895 0.515269722131 2
75 -165.648288575 0.515783543965 6
76 -165.834650055 0.693664012306 6
9 -250.827070989 0.685719498597 5
19 -227.153679879 0.382621302661 1
80 -163.328013238 0.877794437255 6
51 -178.606600019 0.65548831064 4
5 -261.119534047 0.384344248233 10
7 -253.676023927 0.170329676543 1
8 -253.694635801 0.0511222009357 1
78 -165.212017181 0.954737391426 6
26 -206.646880352 0.950310607797 8
40 -191.071474709 0.777678303238 7
14 -240.390571265 0.407137111592 3
36 -194.655570034 0.707688420446 7
44 -187.19373716 0.46625038442 11
80 -163.676193391 0.561694790316 6
71 -167.769818685 0.0241936901791 0
25 -208.840613636 0.256373662444 5
76 -165.728528347 0.938558497691 8
38 -192.955240331 0.337899476008 1
74 -166.304489151 0.281908779579 8
27 -204.945379698 0.512586015161 10
61 -172.204596677 0.147638635948 0
38 -192.162515408 0.642433804433 10
30 -201.064402798 0.444078415815 10
33 -195.071434917 0.155005258038 10
18 -230.962524495 0.731093130834 7
52 -179.979354734 0.485195793182 4
21 -219.557182986 0.724315961769 5
59 -174.615041763 0.400668715096 4
77 -165.693926369 0.417011080498 6
56 -176.596953192 0.933456355944 3
64 -171.074685813 0.822924552415 0
5 -265.756575535 0.975736031793 10
5 -266.065708292 0.410823835259 10
52 -179.551756257 0.23508909789 9
77 -165.730096637 0.463147962758 8
10 -252.031392412 0.963360349772 10
86 -162.276691241 0.755131665715 6
70 -168.229876985 0.175770081235 8
70 -168.403010465 0.0767002346295 4
14 -239.09263789 0.961113161764 10
11 -250.921837654 0.174731781653 10
73 -166.887590619 0.679834737378 4
79 -164.521367578 0.977472062581 4
63 -170.830852604 0.434183386785 2
7 -254.203720434 0.0198301017062 10
4 -272.157874767 0.516399584198 9
87 -162.405932128 0.251485246487 6
59 -173.615727848 0.0328498236297 2
24 -208.91365678 0.743270171629 1
36 -194.501283182 0.837481571218 10
70 -168.080653003 0.904631701198 11
41 -190.462384529 0.496003099507 0
43 -187.190719892 0.0892540822497 0
64 -171.708515372 0.876886795987 2
32 -199.243161399 0.220082389464 10
44 -186.04942202 0.252097317823 0
55 -175.949476768 0.519406499093 4
15 -237.029937524 0.682221195433 10
42 -187.238767032 0.440392555776 0
6 -259.634359568 0.42062605308 7
35 -196.324567968 0.140900640423 9
59 -172.5116371 0.919203382172 8
2 -310.070616041 0.875149832176 5
49 -182.03552607 0.577493238363 1
49 -182.016337972 0.494676146728 0
35 -194.707549296 0.648215753561 4
80 -164.528886558 0.37841811613 11
19 -229.016508865 0.733934279189 5
37 -190.786323813 0.441710493121 4
58 -175.458373692 0.862699089263 2
72 -167.547896537 0.774467143264 11
68 -169.354344886 0.74106920515 8
12 -244.728794413 0.959523256718 10
36 -195.314263734 0.18623934097 7
71 -167.88726216 0.877537027205 8
36 -195.340666205 0.739092784467 3
76 -165.465478182 0.249018990004 6
39 -191.894963756 0.761599332241 3
32 -199.662272554 0.981497182619 5
57 -175.603416179 0.0189307755752 3
80 -164.697065814 0.520553295018 6
27 -204.691716 0.519264082588 9
13 -243.631422602 0.188577589355 9
80 -164.240371646 0.624883788935 8
44 -187.08892262 0.609287689218 1
19 -228.139344764 0.478938483309 5
10 -250.149210565 0.437943155701 3
87 -161.775891931 0.748537252428 11
53 -177.975345908 0.160236592749 10
59 -174.404236757 0.536395863227 0
12 -247.275148349 0.112508545997 9
81 -164.167633267 0.720602627464 6
22 -211.104916964 0.00391441175639 1
28 -203.095742578 0.72889696508 7
8 -253.026822018 0.395634096139 4
43 -188.418373481 0.934691073265 5
1 -303.128277865 0.500435431515 9
87 -162.477026829 0.957191945532 11
0 -380.507948625 0.0459547915828 1
42 -189.115030085 0.740831645931 0
49 -182.438834366 0.971829462738 5
31 -200.392153252 0.248235224883 9
3 -276.350745004 0.387749508231 4
58 -175.17565056 0.360659916259 2
57 -175.523104984 0.794836279897 5
13 -243.327391047 0.678944407554 1
19 -227.997659051 0.507874134833 4
75 -166.340583165 0.925853176426 8
51 -180.867945654 0.995742735738 5
18 -231.061878428 0.560164026959 4
82 -163.539234036 0.68810440753 6
56 -176.862374397 0.499702622503 2
67 -169.579488791 0.49291678619 5
37 -194.486943608 0.478097672019 3
17 -228.289639442 0.29638502611 4
8 -253.163237069 0.632640724887 9
25 -208.696359514 0.257761152831 4
19 -229.255981194 0.916217204774 10
21 -219.100144577 0.719595647914 10
56 -175.771092132 0.723202273398 1
42 -188.757111536 0.420050357692 3
76 -165.916259715 0.859171936979 5
58 -174.667832794 0.899269667642 8
83 -163.781669266 0.375923597865 6
14 -239.535404198 0.645615352211 7
44 -187.124332351 0.751902921001 3
67 -166.490001746 0.544396554653 6
42 -188.637289508 0.035300485969 9
4 -264.461654503 0.836694959045 10
82 -164.181014102 0.387796811911 6
35 -196.431089307 0.113811422468 9
42 -189.620344668 0.295694471385 3
83 -163.689332757 0.0918304826828 11
83 -162.863057331 0.484040628726 6
34 -197.252978468 0.673725978257 10
31 -199.88686032 0.0903789208552 10
11 -247.408588212 0.476559721231 7
85 -162.957881835 0.0648005383668 6
38 -193.355222885 0.241304154132 2
47 -184.063538048 0.602475621195 0
54 -177.945892804 0.905705340483 3
41 -189.576318943 0.768090105197 0
62 -172.162334929 0.587685703311 1
14 -240.616712975 0.752482940523 9
54 -178.21621017 0.29233801267 5
43 -184.452374316 0.837198091424 4
33 -198.523218753 0.929966294305 10
54 -175.752788781 0.492199392977 0
77 -165.500653228 0.392548072252 11
57 -175.87187771 0.810379436305 3
72 -167.573827052 0.759042566388 11
5 -261.953183365 0.264974874693 9
77 -165.770544294 0.86683483476 8
4 -270.941510787 0.575648479644 1
30 -201.297067919 0.0941087634044 7
83 -163.493526989 0.902945141048 6
82 -163.878927513 0.274108134797 11
40 -190.250385732 0.232086299143 4
6 -259.972537404 0.194625948087 7
14 -239.439717228 0.00709005694269 10
35 -196.50250258 0.357678625324 0
44 -186.094401141 0.356464443842 8
46 -181.025953276 0.506992512229 8
17 -231.352483034 0.547306345372 2
30 -201.169564949 0.0438277145902 2
25 -202.966644037 0.709488306312 1
33 -198.63773848 0.381406729243 4
47 -183.133096109 0.907633955418 2
55 -176.831246396 0.919901443781 5
30 -200.633680954 0.698565847782 0
80 -163.524077756 0.592369440163 6
86 -162.69346563 0.247384451369 11
81 -162.146465475 0.261655027334 11
50 -180.285895798 0.00731690490506 8
45 -186.410334495 0.159579005223 8
10 -252.658858411 0.320463313795 1
11 -249.726690881 0.801727822711 3
15 -234.113497813 0.702601884283 0
0 -1954.83844785 0.835983231213 1
23 -212.069898895 0.358245494439 3
56 -176.857413415 0.320040308846 10
54 -178.428068171 0.629513347686 4
41 -190.342206266 0.884751184829 8
82 -164.023792639 0.254335847891 6
33 -198.316960864 0.849907940221 9
43 -187.593257961 0.393098023855 4
7 -255.349120352 0.320297944755 10
16 -234.819438636 0.517374801633 10
34 -197.588924159 0.123643299274 8
68 -167.412974566 0.56417145324 11
29 -202.25526624 0.36335152602 0
5 -258.538205263 0.117075090653 1
27 -205.177750622 0.717450458268 9
59 -174.677073411 0.453903270383 5
83 -163.480888196 0.164922277556 6
51 -180.690876889 0.294688731963 5
6 -258.809636753 0.909633442489 3
71 -167.324679028 0.0160502158311 2
81 -163.535264377 0.21850796836 11
35 -196.584282762 0.226619404385 7
41 -189.452495009 0.197274938125 7
44 -187.302543734 0.577889819954 5
67 -167.788080658 0.23027147933 2
44 -185.75876019 0.0280975850189 7
65 -170.803553571 0.59605810638 2
45 -186.621879557 0.789244974073 5
47 -182.863479028 0.192050549933 7
45 -186.756967349 0.722363948621 9
56 -175.406411351 0.505656755891 7
54 -178.168101261 0.689298624117 8
26 -207.029065711 0.758756905015 9
46 -184.228907466 0.751162214161 4
47 -184.337084292 0.171294299058 8
10 -251.774757634 0.527459582232 3
32 -196.852617469 0.634784742215 10
27 -205.045039564 0.45927163203 3
66 -170.051567305 0.573248679735 6
66 -170.258096638 0.317401573296 2
66 -170.465836478 0.870274150651 4
86 -162.597794534 0.280012379186 11
24 -210.19880342 0.191285642753 0
62 -172.848632299 0.0824584676369 8
52 -180.169920174 0.165086530841 10
27 -202.914106953 0.0110325990321 3
70 -168.380654679 0.592481629928 6
76 -165.943562067 0.408513458151 2
67 -169.795841683 0.533001933751 10
62 -172.723614972 0.944081674723 4
77 -164.879311333 0.9257235021 11
11 -248.672703899 0.308167674522 9
87 -162.381856928 0.634748292314 2
23 -213.743426152 0.915976771337 3
73 -166.986541785 0.210946401303 6
73 -167.195648717 0.421118308168 6
70 -167.120361612 0.0424000103682 6
78 -165.279623735 0.47531658158 10
41 -188.597279235 0.775153669037 8
21 -215.489346019 0.183356803537 3
39 -191.392675912 0.991670906227 5
45 -184.219065096 0.0511973576247 4
67 -169.826120631 0.248636317934 11
1 -329.02664964 0.720792188931 1
69 -168.540363044 0.330990592711 2
69 -167.600717069 0.940928490436 2
79 -163.044252721 0.139585605563 11
20 -220.021110505 0.304851949784 3
4 -263.624431712 0.804627134437 1
23 -209.939343815 0.281079322106 5
16 -233.333706106 0.596041933488 9
65 -170.985021139 0.480311993747 10
48 -180.992377914 0.213604594769 4
29 -201.533950564 0.463393661196 8
25 -205.635054924 0.651108720862 8
63 -170.241922322 0.383896454531 7
50 -180.647630276 0.779436403072 4
60 -172.594960033 0.14232440763 6
39 -192.032004334 0.637767444922 0
45 -186.060956046 0.658641772001 8
30 -200.6696685 0.4948967269 0
3 -284.776074272 0.689669034815 3
75 -165.963052564 0.702448846574 7
12 -246.951834341 0.260857996882 1
51 -180.799578658 0.898441453483 10
9 -253.223072329 0.901042976312 1
45 -185.746489047 0.50247305274 2
56 -174.870714593 0.407608019548 2
30 -201.549122421 0.929273787065 0
4 -265.998891996 0.862253616965 1
57 -176.176422186 0.292382785362 2
15 -237.588647242 0.430832220837 1
54 -177.938177223 0.365770177923 3
60 -173.97621623 0.576342535594 11
36 -195.343184496 0.926208213165 10
26 -205.324076601 0.162497763027 5
62 -172.577318332 0.769895865995 6
21 -216.294483645 0.54422143388 0
33 -198.216988081 0.787780695364 11
77 -165.714595538 0.370088773187 6
35 -194.857249195 0.878579484764 3
24 -211.437092063 0.233841445129 10
53 -179.097063152 0.0988090748963 4
17 -231.436887313 0.22136157791 9
76 -166.142082834 0.490652028822 6
48 -180.949167683 0.647875578977 4
17 -231.620508321 0.71178052807 1
10 -252.250487794 0.429805740265 5
33 -198.503011546 0.989929983161 10
17 -229.644046196 0.6391455433 3
28 -203.040796768 0.297963828411 1
19 -228.550714323 0.662166548286 5
31 -200.177508009 0.193780301993 11
26 -206.903888133 0.60986699753 11
69 -168.591787841 0.54623156439 2
17 -229.58683561 0.299123422997 9
2 -289.291079034 0.336452013805 8
64 -170.157051323 0.503509466193 7
47 -184.76443708 0.887615746819 1
14 -238.245101216 0.179258227604 9
44 -187.358011761 0.630638024514 5
49 -182.625454417 0.033566980027 4
46 -183.352676531 0.0325109226031 4
42 -187.900531162 0.394290514657 5
48 -183.746380686 0.600761790794 10
24 -211.481742678 0.808700610381 8
60 -173.847161101 0.292921647661 10
72 -167.559277219 0.162050206514 2
10 -239.818349847 0.503439390627 9
33 -195.228175782 0.807947665605 10
62 -172.341698962 0.140213112602 7
56 -176.902427279 0.51910927986 7
19 -227.924026698 0.581525378439 9
45 -186.61517434 0.700257661033 0
28 -203.343417181 0.730737977688 8
34 -197.223659559 0.470529192424 10
54 -177.389877983 0.901544524866 5
33 -198.52467958 0.260759742301 10
66 -170.254287209 0.680981109248 7
14 -239.895621405 0.684684089059 9
16 -233.40222841 0.273464144339 9
59 -173.855013135 0.234478376929 5
6 -254.221367765 0.674199899841 8
68 -169.1586577 0.419783094007 2
16 -231.252778859 0.956095021205 8
73 -166.374325749 0.974249957358 2
55 -177.668474008 0.477729447412 0
65 -170.632788061 0.850192289184 5
3 -275.441917593 0.609664754415 9
1 -259.02351542 0.521978829338 9
11 -248.292639947 0.662201148909 9
2 -306.941224752 0.985361715632 8
55 -177.677732379 0.0200002463072 1
62 -172.697197697 0.871011359363 1
86 -162.843491065 0.12007804186 6
5 -253.566702049 0.490379505573 3
69 -167.259331633 0.162983769938 5
14 -238.267340639 0.324938458695 3
28 -201.332204955 0.894701911724 10
11 -247.282451842 0.837619891534 3
31 -200.090788869 0.0698976572162 9
56 -176.742728298 0.711670321902 0
38 -189.799080799 0.253167090467 10
57 -175.521702253 0.125756259475 4
23 -213.735542427 0.4781911729 9
42 -189.260584439 0.118037652712 1
10 -252.286998131 0.122545893356 3
49 -182.641354226 0.726649177538 0
50 -181.570983002 0.685162686879 10
7 -251.879182315 0.859429465496 9
57 -175.978526288 0.408873992125 1
43 -188.605928966 0.245822345191 5
83 -163.011576837 0.417834769884 2
68 -168.158001705 0.936963209974 11
73 -167.144340141 0.184627957345 11
69 -168.297995941 0.114108510344 11
83 -162.735118573 0.806836701379 6
34 -196.559002898 0.992892441525 8
37 -194.226920965 0.708058747337 8
78 -165.37580028 0.983621155501 2
71 -167.618664153 0.3945451398 2
13 -243.317302908 0.134286646033 9
80 -164.608074369 0.763116082195 2
52 -179.331207971 0.55664449311 0
8 -253.644509547 0.938527359897 8
55 -177.66508447 0.532631330319 0
70 -168.314914206 0.335918366425 2
59 -174.309137395 0.820844319185 1
59 -174.255074105 0.923726698348 6
65 -170.671591255 0.907077679327 11
21 -221.77119302 0.987703869396 3
67 -169.477913925 0.833126307008 7
29 -202.173539969 0.47370220865 5
26 -203.895658037 0.303496469133 10
26 -207.024535508 0.205299174587 10
66 -170.4586276 0.875018228579 1
33 -195.334648567 0.578744897113 3
48 -183.378468294 0.630752471443 11
85 -162.307519474 0.0117689901921 6
78 -164.788176585 0.440202106171 7
65 -171.032992667 0.415445594494 1
53 -176.902169231 0.0545904923894 9
80 -164.775267879 0.729957173912 7
70 -167.536314749 0.154011264872 1
77 -165.684891065 0.206292787231 6
30 -200.187810625 0.305789204261 11
41 -188.14520095 0.826941458665 9
66 -169.970293142 0.77718870367 4
76 -166.126633679 0.792334136255 7
12 -245.326899937 0.315358353507 5
19 -227.786373663 0.909871312195 10
7 -254.667858351 0.546070561287 5
43 -182.96986718 0.950038190615 10
81 -164.368534097 0.353286495007 2
23 -211.135955809 0.252911334212 3
82 -164.167092548 0.492778168026 2
75 -166.483343197 0.412083793433 6
45 -186.500099439 0.775728397751 9
34 -194.802252543 0.00494124380457 3
39 -192.078811109 0.289899996226 8
3 -273.366841954 0.487417090052 11
28 -203.793001873 0.555359827927 0
11 -248.998181135 0.804378410976 5
77 -165.090185452 0.54015801374 6
31 -197.683200418 0.426735050303 8
46 -184.88243555 0.541799839797 1
77 -165.351813413 0.959018943809 9
0 -631.890095873 0.257883431742 11
16 -229.625458554 0.930781879473 8
16 -234.324932007 0.832772195579 5
47 -183.348532153 0.193370345642 7
19 -228.54224787 0.775070948678 0
35 -195.083445976 0.466967175185 7
73 -165.796717433 0.231406515746 9
17 -232.361585146 0.159540474238 3
51 -180.806410101 0.561805879521 7
12 -243.264743384 0.790741062812 8
63 -171.352735165 0.226365927757 1
67 -169.75839263 0.262648830216 1
33 -198.034309738 0.907356865335 5
67 -169.811852163 0.994942080146 1
47 -184.758341572 0.318134206133 5
64 -171.475634552 0.843464671243 4
83 -163.530967588 0.918412762837 6
59 -174.751176567 0.45213236887 2
13 -241.224719673 0.978947209783 0
54 -176.641950055 0.199617831114 8
63 -172.17449373 0.742658048629 2
76 -166.13928235 0.391921486894 6
36 -193.797458 0.198636770365 7
46 -185.656264634 0.791089954708 8
78 -164.060880826 0.90006406419 6
66 -170.241349358 0.404628553799 1
78 -165.31055725 0.342107618876 6
57 -175.251895324 0.157193003174 7
0 -407.829334929 0.0212015724087 9
5 -264.158917499 0.134064784485 10
32 -199.668317082 0.0660196824368 7
1 -280.729322775 0.590677746837 0
54 -177.746051406 0.145178150532 7
85 -163.141100533 0.816957672626 6
37 -194.59363667 0.390921315 8
85 -163.152515256 0.287743719616 6
11 -250.035215069 0.903882470012 11
15 -234.677126953 0.405241029852 9
55 -176.186232238 0.393007019897 8
53 -179.197371267 0.806474142251 8
10 -252.160402172 0.146424444473 10
10 -245.301531013 0.850340678442 3
65 -170.946804517 0.772253426968 4
72 -165.606276831 0.546539846299 6
48 -183.402567541 0.891111375248 1
11 -250.781908269 0.37596620945 9
62 -173.015279944 0.368395815409 8
46 -184.375517869 0.907077577588 1
21 -220.350981243 0.0340347135999 0
35 -196.252700428 0.635383922599 3
21 -220.22001294 0.619555351575 5
26 -206.916969619 0.470735084843 9
39 -191.144224607 0.814012375234 10
81 -164.498112454 0.669288096357 4
69 -168.543208035 0.0345427233316 6
5 -266.831278264 0.0216345078289 0
72 -167.559695603 0.6835658768 4
34 -196.804667018 0.787790657497 1
60 -174.03613521 0.172484869415 2
38 -191.297410151 0.285117701353 3
49 -181.914228183 0.152359690753 2
72 -167.168262404 0.582032858871 6
24 -210.727750288 0.588295735011 0
62 -172.643529161 0.586356199747 10
80 -164.709552418 0.812961439479 4
31 -200.096074721 0.738262820016 11
36 -195.411802279 0.924374203469 3
59 -173.816614518 0.372646253841 6
72 -166.587615018 0.930202498417 6
30 -200.199897397 0.969259752726 9
70 -167.097516981 0.360619768506 4
57 -175.188622798 0.717448608903 8
9 -253.35138725 0.705871529934 3
16 -234.006292673 0.572758959196 5
9 -252.921468239 0.00699333202914 5
22 -213.168463304 0.719294366453 3
58 -175.361473925 0.0736329719954 8
11 -241.944480802 0.859248241913 5
45 -185.479570695 0.212772760411 2
76 -166.157065697 0.414496160879 4
44 -187.276205471 0.179110943871 8
51 -178.90767388 0.0452576336838 8
46 -185.22983967 0.818640512754 8
71 -166.309816663 0.110589457478 6
85 -162.968885717 0.386747403337 4
51 -179.360361149 0.182097250033 1
47 -181.553071893 0.455880788442 3
1 -327.650558695 0.699770034607 9
64 -171.619571931 0.0897461522402 10
39 -191.626541418 0.0787873210883 3
76 -166.149362016 0.503829518258 8
39 -191.807503404 0.396481890122 11
8 -253.093736599 0.1637849054 9
33 -198.452031371 0.684703379731 7
69 -168.812396998 0.958853994432 6
5 -267.733541606 0.80229048592 11
15 -236.482573484 0.220541876522 9
69 -168.490552158 0.0396732085965 10
31 -200.28723695 0.873448845046 3
19 -228.140030557 0.547885532711 9
72 -166.523326211 0.506668716363 4
10 -251.424604458 0.757544005035 3
50 -181.306921428 0.645870350347 2
20 -216.749604132 0.526675859399 5
29 -202.307488972 0.322280581429 7
27 -204.159785562 0.014636090156 9
31 -200.16973917 0.740067108888 7
23 -213.054208196 0.616435661276 5
5 -267.110898264 0.218721890768 11
42 -188.703367608 0.938653789595 0
4 -274.123654167 0.455768679465 5
80 -163.394489868 0.23886955421 1
60 -174.060112152 0.0156400519643 2
78 -165.117317216 0.717159082635 1
17 -233.124542472 0.82812903744 5
63 -171.941294093 0.0684816453831 10
27 -204.293726944 0.229689892801 0
60 -174.243475668 0.760832575225 1
26 -203.577041023 0.76260985451 0
32 -199.66226144 0.242418184228 9
27 -204.733760738 0.991316353921 0
18 -214.125008073 0.513804269397 9
40 -189.855114861 0.210907843143 11
49 -182.778330101 0.626908745874 2
30 -199.117053542 0.188738802963 5
16 -234.584566711 0.567884963584 7
48 -182.744645965 0.484413770856 10
51 -180.328462415 0.0232854235198 5
10 -252.159181046 0.747167357354 7
62 -172.531081692 0.805009281557 10
44 -186.858804632 0.677330695937 5
65 -171.05958963 0.120409670081 6
2 -292.100389867 0.0928044428404 7
69 -168.880314158 0.845992263821 10
0 -688.6688838 0.25171133019 7
51 -180.638827919 0.639737377527 6
60 -173.058845779 0.0167271864907 8
48 -182.047309153 0.166075755038 11
76 -164.968404809 0.702797890031 4
5 -254.152506135 0.556619125396 9
36 -193.876139441 0.122866858445 1
55 -177.206823547 0.151714750881 6
71 -167.530738981 0.523245486767 10
66 -170.150534477 0.641972104686 8
25 -208.2976609 0.509142467009 7
38 -193.581865781 0.733711846618 11
69 -166.785327369 0.151509490351 10
17 -228.483763889 0.217313631524 3
64 -171.692340896 0.211006623462 5
49 -182.657409083 0.346136439807 11
47 -184.692228721 0.978689421859 2
29 -201.805330083 0.826148475378 7
73 -166.831365235 0.634645702775 10
80 -163.557753929 0.953321899508 4
3 -264.570365401 0.760188089326 9
42 -186.078711577 0.720078565212 8
42 -187.680742942 0.79785026253 8
72 -167.393854233 0.362321438822 5
1 -366.078632183 0.882857449635 1
68 -168.475455292 0.823253258893 10
17 -231.541423713 0.22043544889 9
13 -239.801778937 0.626232107107 9
49 -181.148349257 0.850432837067 2
29 -201.188425149 0.914406556188 1
17 -230.419595099 0.613407543768 0
66 -169.170165121 0.911102346906 6
23 -212.096515704 0.0308767360514 7
42 -189.441329514 0.690133861924 10
23 -211.878670755 0.771331403006 7
32 -199.556120652 0.993053689836 9
29 -201.878450558 0.11936798574 7
84 -163.211225632 0.918486451485 5
37 -192.901862303 0.643177585887 1
45 -185.714349293 0.63791398543 3
56 -176.826135563 0.936249401612 3
56 -175.687624547 0.747027082132 3
44 -186.542413375 0.039721709917 8
75 -166.446379697 0.00777526298948 5
59 -174.685915603 0.594426233864 3
65 -170.816900004 0.730023464313 6
12 -245.667169937 0.774384021823 11
15 -236.147805636 0.0448170000194 9
24 -210.531709318 0.40648743376 9
73 -166.557178427 0.186660697731 4
62 -172.797618064 0.750884126401 6
7 -255.27957753 0.644284315578 2
76 -165.939921668 0.226583615252 3
2 -289.518130123 0.601193093012 11
86 -162.032443269 0.874529867909 5
67 -169.912642839 0.328471011324 10
49 -181.832575907 0.868530313731 8
6 -255.44871844 0.362024588077 11
74 -166.640027486 0.933370699732 6
41 -189.739465985 0.788364552189 9
17 -230.885074712 0.0695332423848 0
53 -179.22208035 0.94412727578 8
61 -173.526042323 0.638738134452 10
81 -164.370147927 0.486190037039 6
28 -203.759917488 0.567671731917 1
71 -167.999548212 0.360537876211 10
23 -212.938709521 0.119905805668 11
34 -196.533195022 0.100202071615 1
9 -252.425993737 0.956193048621 0
62 -172.287384804 0.716427974741 3
75 -165.425962262 0.260220554018 5
22 -217.017971166 0.534475333455 9
18 -231.432730401 0.683061701812 1
32 -199.417961583 0.858771627909 2
77 -165.534077558 0.872233315244 4
51 -179.23682648 0.813766887446 3
38 -193.366915747 0.62045787459 8
55 -174.482717077 0.831206386282 6
57 -175.391570548 0.269536477321 3
84 -163.228684368 0.968161925593 10
0 -283.025420205 0.360236706532 8
39 -192.370492314 0.781833858134 2
74 -165.820826174 0.07255470015 10
62 -171.666286769 0.514680109428 3
84 -162.643428357 0.058784211508 5
9 -253.286268158 0.551865277894 11
16 -233.821445109 0.271317648259 0
33 -197.893540024 0.0935721348099 1
38 -193.189427004 0.991465511704 8
86 -162.327297673 0.182252059602 5
83 -163.618604184 0.474174340113 4
75 -165.061163757 0.149765807541 7
7 -256.020516836 0.322970975926 11
11 -246.973902372 0.87239295782 9
65 -170.954363127 0.630242501407 10
6 -258.539187289 0.190824487268 11
17 -232.372145833 0.0107312803876 9
15 -235.400057714 0.824950238383 11
12 -245.120975598 0.764520493332 1
85 -163.116528101 0.207249566807 4
79 -165.012507953 0.658296101579 5
77 -165.451461531 0.0932268340747 7
49 -179.947078505 0.965091054136 0
34 -196.449053288 0.115423621643 8
78 -164.720966751 0.457148575193 4
35 -191.714956111 0.782346943009 9
47 -184.742515207 0.390059374528 0
36 -195.034505272 0.658830306702 1
35 -193.461218237 0.458285601882 6
23 -214.624636892 0.956923526257 8
14 -237.807096111 0.42479765141 9
33 -197.754833831 0.270640548196 8
45 -185.139641414 0.399750061998 3
67 -167.389199757 0.189001920873 7
4 -274.835980859 0.984170613289 11
16 -234.986631383 0.428021433456 6
16 -229.146519763 0.452628049935 1
46 -185.847394962 0.0414660961636 0
76 -166.143201398 0.376070737226 4
11 -244.367162862 0.248131016723 11
51 -180.301119434 0.913342719908 10
1 -279.408474 0.559884059916 1
35 -196.323552549 0.549596501222 9
81 -164.396295302 0.307222629775 4
23 -214.067770855 0.656583104915 0
5 -266.481624936 0.298419402735 11
38 -193.318346845 0.389349247487 8
11 -250.291126589 0.330716165094 9
52 -179.671383915 0.874718554501 3
2 -279.368339343 0.341770296278 1
5 -259.748213716 0.169123692345 6
65 -170.881314392 0.594257675922 5
6 -255.587254533 0.0589552524599 8
85 -162.653632692 0.464793868924 4
10 -243.814290945 0.738843169765 0
56 -176.354379309 0.46958648899 5
50 -181.549737997 0.931985393397 3
29 -201.252869218 0.129545014994 11
68 -168.980487353 0.684043171208 5
24 -210.195937648 0.172650177382 8
72 -167.035268043 0.621990641453 5
68 -168.131612301 0.585940851986 10
25 -208.783425979 0.690848264689 9
36 -194.715531171 0.811939596994 6
42 -189.412933228 0.984407391903 9
16 -234.884374613 0.324714151307 8
87 -162.651355033 0.0320698757141 5
84 -162.539916425 0.546189678678 4
2 -287.823906648 0.341183107852 9
65 -170.30671903 0.799206704962 7
76 -166.013342487 0.897879928035 5
7 -255.992927582 0.819227918644 1
15 -235.603717313 0.282211365061 9
4 -273.138048162 0.0320372048371 9
58 -175.55643491 0.329456418488 5
20 -217.478111792 0.301927274595 1
25 -208.925776263 0.934119702001 6
64 -171.049400371 0.759236821064 7
71 -167.763899558 0.74318204079 7
9 -253.203206162 0.379937680313 3
56 -171.806935573 0.927985061816 5
62 -172.345218406 0.514140394652 5
36 -193.492671517 0.634439820379 0
56 -176.793592943 0.902387463867 9
34 -196.392637368 0.33639009992 11
54 -178.047974022 0.693485598085 9
73 -167.051989665 0.0753274417422 4
31 -196.386981082 0.294846651565 8
30 -197.071918574 0.110248484637 8
59 -174.490260471 0.813495707963 5
54 -177.225614446 0.725048035997 3
51 -180.575667693 0.759644018729 3
58 -174.715532546 0.252073500026 9
25 -207.558858467 0.140652206172 1
23 -214.436545365 0.369404057497 8
57 -174.929871742 0.475514584312 2
53 -178.572634772 0.332794175914 9
3 -283.834299348 0.662429434412 6
56 -174.008414808 0.691086750018 10
37 -193.356599978 0.605023652606 1
4 -274.852391369 0.37984130205 6
41 -190.288317005 0.801578903006 5
42 -188.885659375 0.145992388616 9
59 -174.364587345 0.253143415205 5
41 -189.136672463 0.375593309347 1
63 -171.953670968 0.583365239169 10
46 -184.477371162 0.361283112139 5
48 -183.689655261 0.00248813124982 10
49 -182.201805356 0.314069324734 10
12 -246.441474522 0.303754678138 8
43 -188.338484637 0.667899709088 1
55 -174.721216524 0.112782852394 5
69 -168.547745778 0.528949592085 4
63 -172.079524856 0.291747000626 10
49 -182.255926497 0.444108655721 10
17 -232.086349576 0.315621853033 1
29 -202.499000558 0.121965405028 9
82 -164.077325365 0.494387400114 2
68 -169.280256475 0.405050498781 3
34 -195.776124183 0.182232346338 11
30 -201.074019901 0.833900681064 11
23 -210.83742318 0.802696633043 9
5 -262.905917897 0.897451112283 8
34 -197.593963851 0.972128224535 11
79 -165.002826873 0.261564694964 3
67 -169.636779453 0.0308898979191 2
20 -224.703271823 0.0332153987184 8
56 -176.428269662 0.0329041934049 10
81 -164.235672946 0.580866153955 3
32 -197.377042076 0.309657268574 6
23 -213.613034558 0.546037208115 1
44 -184.506132716 0.655699238743 5
49 -180.225549314 0.169726854105 2
56 -176.739540888 0.399919971243 7
54 -176.748348424 0.644329253637 5
41 -184.599108722 0.633204655964 7
13 -237.722560953 0.402427079172 6
31 -199.604133315 0.584297496901 6
8 -253.049820737 0.620386611221 1
81 -164.452805351 0.433343945658 10
75 -166.083006225 0.905567679426 0
7 -253.931785668 0.335825248457 11
1 -339.728678961 0.246157211944 1
87 -162.359730842 0.226201596173 4
55 -174.695409133 0.445994336873 5
72 -167.310436244 0.0467976171306 3
63 -171.026711405 0.227961081523 7
59 -174.616217589 0.195119234206 7
44 -187.08062419 0.342797530306 2
86 -162.575500272 0.0152742892125 4
75 -165.904365795 0.215277883817 4
9 -253.073966145 0.0283029503243 1
42 -189.585165193 0.80033511076 9
48 -182.686537508 0.287275224124 2
45 -185.293110193 0.139201815056 2
82 -164.136546487 0.227802866094 10
36 -195.28930119 0.370130677419 11
52 -180.080253133 0.453253401087 5
50 -180.185712275 0.9030863237 9
44 -186.898741713 0.666166393168 11
40 -186.264107161 0.447021549146 7
83 -163.735075491 0.811804251271 0
45 -186.832167881 0.735356764695 11
66 -169.554259361 0.142512341665 2
82 -164.00253762 0.00643143754354 0
80 -164.641831812 0.0620071428014 4
84 -163.452249675 0.12517951126 4
84 -163.440384057 0.451264860029 10
7 -255.539068106 0.288434207647 6
16 -232.667348303 0.397267676097 1
28 -203.737097576 0.0653403286856 11
82 -163.890260345 0.760806215341 10
86 -162.856909525 0.530309258631 10
64 -170.518063854 0.463474306966 9
33 -197.413129817 0.30423913836 1
5 -260.851792609 0.974728816028 3
16 -233.287884427 0.362063581892 5
68 -169.131755034 0.154898760605 2
12 -244.656592069 0.452043298674 5
29 -199.644937064 0.168574768676 1
26 -204.296018623 0.635516862236 7
23 -208.647423054 0.819567437709 1
55 -175.951791138 0.154660285878 0
48 -182.042543226 0.257262389909 0
68 -168.887078743 0.855916425806 9
22 -215.028690506 0.787944713534 11
32 -199.04260001 0.981231943916 5
14 -237.988118494 0.348010614547 3
85 -162.796076243 0.229397603094 10
70 -168.087122831 0.964715285943 9
83 -163.559720976 0.930829911356 4
25 -207.324126723 0.098131415602 11
1 -330.9647381 0.643135571436 8
20 -210.513999205 0.803979937099 5
80 -164.714072375 0.642918367426 10
22 -216.219933377 0.69616258186 1
35 -195.910297399 0.191706870891 11
77 -165.21516243 0.555141519654 10
13 -243.869851764 0.983943887741 1
7 -253.559158743 0.817514461122 5
17 -229.382360575 0.557079098078 1
45 -186.167810304 0.477601580323 7
72 -166.786767672 0.497569666233 10
0 -402.063184214 0.344462302593 8
78 -165.211031267 0.196697294632 10
87 -162.299568367 0.0479231325487 4
63 -172.226203904 0.801400776765 6
32 -198.192734902 0.258832173527 2
19 -228.9324944 0.452270238387 5
78 -164.605053371 0.452509208076 4
22 -215.532046068 0.482937069541 2
17 -230.692246697 0.384906091551 8
16 -223.491293002 0.324352371278 1
49 -181.186807643 0.476578588602 0
19 -219.415017219 0.0251048055782 8
38 -193.435697366 0.129817254978 3
76 -165.623631721 0.00242839378008 10
9 -252.586658458 0.629700343669 5
38 -191.989353734 0.385522459885 2
82 -163.819426207 0.422959933174 9
81 -164.425558359 0.696909208093 10
65 -170.225624434 0.894049579858 6
23 -209.047918769 0.785087763531 11
65 -169.791811454 0.821949580171 6
18 -223.938740837 0.224592343507 8
72 -167.56077875 0.38117629264 9
66 -170.378013263 0.818101574927 1
56 -176.285983406 0.0824844169744 6
58 -175.431804044 0.586417852965 7
65 -170.974741269 0.830386870806 7
64 -171.645160955 0.441616015566 7
42 -189.717494683 0.594732355861 6
57 -175.535773691 0.622236773236 0
30 -201.189529042 0.6817213806 8
14 -239.806258757 0.39078391992 3
22 -218.285534891 0.0373557276232 11
21 -215.033283422 0.355113873912 5
73 -166.994615838 0.818278128852 9
42 -187.338817824 0.481574620105 2
85 -163.031500364 0.774309025721 10
62 -172.974852057 0.235040239807 5
60 -174.092814291 0.0460681025609 5
34 -197.320906509 0.328366557171 1
24 -210.948166709 0.892199443346 11
64 -171.630999155 0.772737607025 5
60 -173.978810042 0.567578029909 0
46 -183.718539421 0.0250259000387 2
58 -174.223979292 0.574339289371 8
62 -172.435775927 0.386393830497 8
73 -166.755302684 0.688540368775 10
43 -187.385848079 0.517737904094 11
82 -163.69851341 0.977765037869 10
70 -167.148764377 0.645169287359 9
48 -181.71238494 0.116332128941 7
72 -166.874037792 0.265599762731 9
20 -225.321752829 0.0219692958343 2
51 -181.078391305 0.803688917423 0
38 -192.191490716 0.973011316752 2
23 -214.70502917 0.850175339775 3
43 -186.585148333 0.883632839476 0
46 -180.699816499 0.656611473381 0
61 -173.534414653 0.232490086902 9
45 -186.776944072 0.675674959659 7
75 -166.334746802 0.965565130674 10
14 -234.947055881 0.643892059845 1
47 -184.175759233 0.983364769622 11
48 -181.964841536 0.115674171074 0
45 -186.187052415 0.988475627342 8
31 -200.37866011 0.252201727876 7
40 -190.966196661 0.573646945763 6
7 -254.207710327 0.886442560986 7
57 -175.45343341 0.0461125709696 0
37 -193.316875014 0.269094270237 11
70 -167.47827231 0.90800464401 10
16 -234.243914378 0.455396659233 2
34 -196.98504245 0.995177436089 11
39 -190.712205208 0.367314940899 0
29 -202.487717042 0.140686024471 1
60 -173.214747774 0.524035701129 6
33 -198.450809708 0.623832720263 2
0 -505.335620409 0.815514529872 7
9 -253.107447244 0.988972300176 7
68 -169.459131146 0.821438642139 8
58 -175.540451682 0.858098780568 0
22 -208.827504796 0.201858596439 11
59 -174.714058949 0.390965014067 8
13 -231.352228541 0.440773626666 11
4 -269.611321491 0.172777166385 1
41 -190.259506431 0.216913598948 5
3 -270.462312052 0.547606837092 3
7 -255.395208905 0.255968108437 7
34 -195.176356799 0.482394308948 5
8 -253.942102316 0.443461618075 7
4 -265.347387751 0.822281817858 7
40 -190.900519024 0.855246746567 9
47 -182.636230527 0.967538322967 6
44 -182.683047729 0.480841004544 0
24 -210.729615791 0.3744943917 5
53 -179.223731565 0.689909582651 6
43 -186.218089278 0.60543771278 0
36 -193.933178805 0.591228139931 5
38 -193.117486052 0.154527654386 0
26 -204.22667409 0.0339389085539 2
60 -173.584585333 0.825346346365 6
29 -200.100934197 0.68274075046 5
23 -211.338246625 0.433574490253 11
27 -203.300530061 0.316773460453 7
38 -193.364124879 0.525262315205 9
66 -169.324461655 0.149940662309 8
37 -194.658077178 0.706958368322 0
12 -247.113620944 0.760046775197 5
2 -274.653513658 0.705899520285 1
28 -200.892361174 0.798715374397 0
24 -207.298306228 0.192241771816 11
34 -197.668123578 0.220130907782 11
87 -162.495613419 0.422178208464 4
34 -196.390040961 0.213444565034 6
14 -237.689179326 0.48338475856 3
23 -212.973119427 0.10211301506 6
5 -257.584913716 0.0615498443921 7
43 -188.595093583 0.137089865388 9
10 -251.288094497 0.898565129654 7
24 -210.485418421 0.4873243046 3
7 -255.596879141 0.501194600797 7
38 -191.447509105 0.510883824377 11
34 -196.905986241 0.698961798789 5
55 -174.654202357 0.168771490117 10
60 -172.951163138 0.477953559765 4
2 -309.655062484 0.979326300081 2
69 -168.287575565 0.630487984662 4
43 -186.889457333 0.965226642382 6
2 -292.473909354 0.455285318203 3
15 -237.157300587 0.423762079218 3
12 -246.568617033 0.0709580178418 2
64 -171.586919175 0.537957858816 8
15 -236.529139258 0.194939476279 6
16 -235.044283895 0.633065831893 2
58 -174.833362587 0.901451025658 8
60 -174.025944982 0.83092880802 8
49 -181.276844206 0.713395003156 9
16 -231.364792876 0.772400900638 2
44 -185.729230753 0.844106745386 9
4 -272.449109674 0.766086928219 11
19 -228.404218848 0.224039709646 0
10 -252.528248326 0.409128670473 7
20 -219.608663888 0.668933776421 1
30 -200.548485912 0.790607827864 5
80 -164.738155495 0.0647810765789 4
44 -187.676098347 0.499676293012 9
21 -221.521743699 0.703901222876 6
47 -182.807791778 0.732396871538 10
39 -190.565077206 0.161901415294 9
8 -254.069978922 0.255822214768 6
9 -252.956085828 0.286475213003 3
20 -220.350778683 0.740587818615 6
8 -253.718881209 0.583557383299 0
41 -186.3117212 0.319281284107 2
19 -227.10961346 0.710732932341 0
39 -191.892137639 0.1911973654 6
78 -165.1926226 0.217097095674 4
51 -180.916894745 0.832299302963 5
12 -245.945177274 0.374562628152 3
2 -300.850976006 0.585716102113 3
36 -194.448250538 0.267918910463 1
56 -176.356912592 0.832898798016 8
15 -234.756642701 0.635646016774 0
54 -178.276162087 0.943419393864 2
33 -197.376859577 0.436470316037 7
52 -179.568044305 0.145568082622 7
21 -220.528801592 0.135188523 6
44 -187.125925982 0.391248846152 10
75 -166.526806838 0.977503447814 4
59 -173.729851351 0.973947572305 1
3 -285.879245564 0.846854626174 6
33 -197.993273499 0.543820978404 0
46 -184.710387224 0.0441832139034 7
26 -205.962227615 0.624911379768 0
71 -167.895313051 0.930970193468 2
86 -162.878888062 0.0625627751828 5
56 -176.987668589 0.382358723035 11
57 -175.931354949 0.147347986085 11
19 -223.916768169 0.739248101725 6
81 -164.319026623 0.845490286776 5
36 -194.50164765 0.400442737282 0
25 -208.7689152 0.912178281311 3
38 -193.514342944 0.0682912177906 3
85 -163.020922802 0.474947490933 4
43 -188.559379379 0.256374075337 9
29 -201.937274614 0.351280492787 0
78 -164.774016491 0.60182067393 4
20 -224.175888697 0.863336608323 3
59 -173.392282475 0.599764097958 9
83 -163.74910051 0.708746664425 4
39 -190.155682972 0.102109513435 11
58 -175.067371296 0.205940825586 1
75 -166.096591918 0.413085214833 5
23 -212.4296655 0.358503003134 3
11 -246.76490516 0.0155249024743 0
78 -165.238053419 0.254944072715 2
52 -179.390341313 0.582135038541 11
53 -179.13417967 0.649327027402 9
34 -197.619851585 0.483524500231 1
14 -236.773802974 0.919438959645 3
86 -162.76767244 0.325728561466 2
80 -164.741933859 0.326235277422 2
87 -162.518682891 0.668448767958 4
78 -165.381162143 0.86451257067 2
0 -1418.02479751 0.337659630334 6
11 -248.234023503 0.462826347063 0
54 -178.103241948 0.790493000557 11
86 -162.783920808 0.709591501861 4
45 -186.47031973 0.932018907488 10
81 -164.072419918 0.710330254658 5
18 -230.114262292 0.995821323345 0
22 -213.686544472 0.279269488444 0
73 -167.184561224 0.149912723221 2
52 -179.426759153 0.434065737802 1
44 -186.646994147 0.0164329470338 11
4 -255.18456883 0.955747197294 7
35 -194.834731185 0.645388222248 10
83 -163.432544576 0.39955571593 2
17 -224.897234314 0.0142858525092 8
11 -249.561702006 0.570625048866 8
20 -222.442088877 0.192833925637 9
8 -252.733483972 0.810285184895 3
11 -250.596943436 0.967722153186 6
40 -190.734632178 0.677689204711 0
24 -209.013459915 0.885408393578 11
4 -268.607341769 0.527109435294 7
86 -162.862291751 0.446731187704 5
26 -205.661879157 0.00598745031446 11
82 -164.159993671 0.534586399992 5
34 -197.131139732 0.96191633247 1
80 -164.602543515 0.275713999277 4
78 -165.303413092 0.0297200322984 5
71 -164.416546467 0.817590387117 5
13 -243.4275972 0.788039932978 7
85 -163.057107236 0.335001552978 5
32 -198.445254799 0.63722191184 11
79 -165.055286616 0.796997171069 4
5 -258.743692663 0.0634787925744 3
39 -192.032993732 0.146868365534 8
46 -185.465320478 0.889724205838 1
70 -167.521823965 0.465855257623 2
5 -255.169534353 0.112342717022 3
34 -196.994324834 0.282311069136 9
73 -166.53928046 0.385462119886 4
13 -244.30682208 0.655715075102 3
20 -224.708053117 0.788504200065 11
86 -162.251201519 0.302275929536 5
5 -261.439907927 0.322483693789 3
13 -240.135321132 0.795675013616 6
68 -168.84109183 0.323161938473 2
69 -168.801450694 0.45132960885 2
75 -166.462135396 0.11099746639 2
14 -232.048635286 0.0907795996194 3
12 -241.604848615 0.0473648971183 6
23 -214.455976584 0.49074200489 10
22 -217.334715207 0.028795437115 9
36 -195.173103784 0.65968300498 7
87 -161.634913872 0.709555497981 5
86 -162.460988871 0.162620903648 5
6 -254.893676792 0.639195442922 11
23 -213.787072436 0.665868628759 6
32 -199.70575692 0.731617825408 10
38 -193.487407735 0.105965396498 10
33 -197.423881924 0.39053041971 10
66 -170.060157971 0.403614331668 8
60 -173.900437014 0.444841717083 4
36 -195.031471353 0.369025548667 9
64 -171.297261535 0.778787698542 1
10 -251.85020472 0.691225276823 3
31 -200.004812428 0.401296406537 10
11 -250.005416424 0.649663113262 10
73 -167.088627568 0.600294506617 2
16 -235.142123828 0.599327918606 3
67 -169.722129632 0.0366477886591 2
60 -174.171889783 0.552232605943 4
27 -204.408067843 0.241661378608 11
24 -210.193258435 0.0346430651036 10
13 -244.123825915 0.374929966369 3
64 -171.005599162 0.336834632706 8
72 -167.445697327 0.878618495451 1
67 -169.826354926 0.0947249835552 5
12 -242.422684377 0.823038791481 3
18 -231.048107472 0.375050424636 6
33 -198.140650747 0.168027167731 0
16 -234.287393543 0.608127367568 6
64 -170.211485717 0.845632866458 2
79 -164.901206048 0.155390729215 1
26 -206.504991766 0.81106132708 7
50 -179.769124674 0.717704234369 0
83 -163.783133539 0.713429071382 5
74 -166.493053461 0.650199886893 8
70 -167.539274441 0.330829887831 1
9 -253.12706185 0.531193553165 10
55 -177.505268063 0.140343833113 4
76 -165.953552266 0.669370232562 5
82 -164.049549732 0.75109961328 9
80 -164.521997286 0.551339631277 9
24 -206.477860249 0.175226926582 10
87 -162.209550014 0.978890137736 5
59 -174.833365154 0.734751433608 8
49 -179.307148827 0.646904608498 8
40 -190.367399947 0.45066220497 11
77 -165.751251798 0.167651803807 9
59 -174.404308624 0.330265609988 8
1 -338.227737341 0.953505212541 10
63 -171.675557462 0.74153319094 5
67 -168.775252795 0.428319581197 1
73 -166.985633861 0.163052208397 1
12 -247.473825676 0.783113573235 10
80 -164.666672054 0.0342019033379 9
59 -174.036781744 0.880299077887 0
83 -163.785317025 0.988442417191 5
72 -166.163459337 0.277978157399 9
44 -185.955971899 0.872734665256 11
44 -186.930342433 0.590731927186 11
55 -176.504427712 0.635022028516 6
62 -168.749139008 0.786725662583 9
80 -164.131986924 0.824075207591 5
72 -166.701337301 0.128349312719 2
49 -181.445027997 0.478994582441 0
3 -261.93676842 0.78127046719 3
55 -177.003826398 0.00586270914626 1
58 -175.543423632 0.0251428867573 1
80 -164.005365087 0.792693164938 9
58 -175.350042195 0.940956141784 1
24 -210.547867706 0.840500050262 3
81 -164.39903265 0.113869467907 9
14 -239.123511177 0.27768956264 7
56 -174.220046227 0.142920498433 0
40 -188.425110302 0.438282244075 6
20 -221.87613715 0.714697464076 7
48 -183.730933259 0.079837197153 4
45 -186.210784619 0.12532464827 11
39 -191.060110873 0.738307119984 11
65 -171.083363439 0.299743287325 2
41 -189.032859951 0.498100548744 10
38 -193.036359709 0.209089036005 7
33 -198.337044704 0.415324844407 3
46 -184.612325885 0.42715423643 6
42 -187.069377503 0.595106406882 0
12 -247.89464831 0.770516555089 7
25 -208.261468305 0.633896622879 3
70 -167.772723429 0.112316006825 2
59 -174.598151944 0.136726970445 0
16 -235.288207785 0.67372480557 11
79 -164.294056932 0.226026443544 5
87 -162.510867574 0.386840239351 8
29 -199.730988066 0.539011140204 7
43 -188.364401776 0.0832615878859 0
54 -177.19218531 0.573489136258 6
80 -164.528513509 0.492276399629 4
76 -165.546418945 0.244528755541 4
1 -355.585838331 0.392736260223 10
27 -203.698700707 0.97681477554 7
43 -188.552015211 0.635305222654 0
81 -164.362956701 0.0522980657562 9
26 -206.391501826 0.582663118134 11
58 -175.355148389 0.26997761441 1
2 -291.805487486 0.56809123018 3
74 -166.883494272 0.247784066214 4
37 -193.887087398 0.42957599189 11
77 -165.670723537 0.426108202759 8
64 -171.363437396 0.4219649097 4
26 -204.285790285 0.686170507758 3
62 -172.874250903 0.361295089925 1
21 -219.751856954 0.157613886437 3
80 -164.702597003 0.101431052587 2
69 -168.873736824 0.604855020095 6
9 -242.747764163 0.164646068812 10
68 -168.472873656 0.0122910584471 9
16 -235.140008811 0.236922540897 11
72 -167.426080736 0.0769421130038 9
72 -167.350559141 0.0156023474632 9
25 -208.202830313 0.252397121117 3
8 -253.85306443 0.245885075695 11
74 -166.328529439 0.332910098827 4
83 -163.097842007 0.535557949062 5
77 -165.754224982 0.15399041213 4
60 -173.642781366 0.838927504262 9
49 -178.128667664 0.268447611376 1
51 -180.607208768 0.275525433764 7
85 -163.168724612 0.630026680716 2
9 -252.89232105 0.713983740877 10
7 -253.509544965 0.660600485137 10
60 -174.196806032 0.468447417429 8
86 -162.460305363 0.0753371577065 2
84 -161.581787804 0.234604697108 4
50 -180.673131172 0.45794066097 1
69 -168.826968133 0.664507599489 0
68 -169.308461633 0.35392018807 0
71 -167.61271764 0.349241932312 9
47 -184.725534783 0.959393083277 5
69 -168.936291756 0.0825606787173 8
40 -189.746646449 0.352363908579 1
1 -368.094477114 0.214917584902 6
76 -166.012905507 0.841300038257 9
35 -196.454300211 0.282575594912 10
54 -177.26773675 0.132136316323 0
79 -164.882053338 0.235421719566 4
67 -166.172085669 0.0337096620511 8
19 -220.603764114 0.148367079021 11
5 -265.790937391 0.0557355746492 6
85 -162.610630043 0.0437441589643 2
67 -169.369745043 0.624336773451 4
12 -247.449850098 0.348286278399 6
23 -211.296498004 0.866634430926 3
44 -185.475984528 0.396956139722 5
44 -185.290452133 0.215708695156 0
16 -230.062909608 0.182333402333 7
85 -162.973502101 0.471968385636 8
24 -211.203600895 0.663145983568 7
14 -240.20973883 0.405320423811 10
3 -283.669197449 0.811969163081 6
4 -260.507131011 0.517845511701 1
20 -225.549500341 0.903045176311 6
11 -250.016136309 0.0236915963372 3
66 -169.981077669 0.104416691879 4
48 -182.48987159 0.442744611127 5
8 -254.179126346 0.0014552786132 3
4 -272.624655849 0.364107385165 0
6 -259.777393682 0.280678573891 0
8 -253.695689972 0.628132503709 0
82 -164.049753084 0.790058619464 9
43 -187.524023353 0.864061514324 5
7 -253.6151981 0.290731892308 0
6 -257.386583577 0.803522562296 6
18 -228.928203404 0.877526155274 7
80 -164.689149261 0.984902899999 2
54 -178.398397049 0.117912459154 5
69 -168.376253414 0.610008997009 9
84 -163.186138758 0.0541259434385 8
2 -296.299373842 0.684971994142 6
14 -238.834705329 0.481362084855 7
87 -162.47136566 0.947810610805 8
17 -233.102259197 0.1210336632 10
18 -222.036482935 0.718928301171 10
0 -1733.40014762 0.944497938015 3
4 -271.559957476 0.542236671147 3
5 -259.475796912 0.418785822316 7
66 -170.203552999 0.442703787657 4
59 -174.262479493 0.878066353237 4
47 -184.702892667 0.167319960079 5
77 -165.552018128 0.502173486131 2
12 -244.887030375 0.599015864098 7
72 -167.609472594 0.80938423235 2
48 -183.23725784 0.258257631966 1
37 -194.171435315 0.315849778492 1
26 -206.02045452 0.493055735117 1
28 -202.792460175 0.186626429363 7
38 -193.329475352 0.344703863053 0
74 -166.450677426 0.125547915012 2
68 -169.278266554 0.120827511044 4
86 -162.633552456 0.85096709049 8
67 -169.708206009 0.484569153067 2
42 -187.4715914 0.565662182937 11
59 -174.399558387 0.227277479123 4
29 -201.996882467 0.531137947803 6
34 -193.76519507 0.416029985701 1
30 -200.038254052 0.0701221867377 0
24 -210.527973617 0.0321960893194 11
23 -213.457980177 0.974472089713 0
41 -185.865302266 0.732847295155 11
36 -195.063036908 0.0457962284556 5
20 -224.992802193 0.0533719134138 10
37 -194.640155475 0.958097436845 7
0 -500.488307504 0.258412224288 3
24 -207.698742851 0.232087614866 11
34 -197.621000537 0.355955668818 5
20 -223.781566797 0.482519153387 11
20 -222.764138729 0.693885617022 3
25 -207.38527245 0.00456974147934 5
12 -246.832148935 0.533172625072 1
19 -228.688810627 0.0886800523667 1
17 -227.185188864 0.346458523753 7
24 -208.305369212 0.151733000652 5
8 -254.219715881 0.52263747508 1
2 -297.914453429 0.408005676412 1
12 -247.327892591 0.394448696318 0
76 -166.030843447 0.414823633969 2
84 -163.202448837 0.763287057019 4
7 -253.549490456 0.465034146083 1
23 -211.780102446 0.123180028389 0
73 -166.816027383 0.37245637313 4
8 -254.005238337 0.91540929633 3
63 -170.646287179 0.981097033952 2
20 -223.395633349 0.446996887863 5
79 -165.085806468 0.782873927451 4
21 -207.366985524 0.299262166262 10
42 -188.576291406 0.336798473551 6
12 -239.758781138 0.953477127702 9
18 -229.675186439 0.362577882487 1
6 -259.133763911 0.517339703743 5
29 -202.150029432 0.179773022224 7
37 -194.533050429 0.473381181609 10
47 -183.860044266 0.893946576307 8
39 -192.060521351 0.942897774831 3
31 -198.651243484 0.274032899344 10
39 -192.206813826 0.271064599356 10
36 -195.452104061 0.222390372497 5
60 -174.026834263 0.0692100917918 2
6 -254.728847718 0.468833597794 11
38 -193.434464099 0.513714295184 5
37 -194.394310336 0.278771369549 5
38 -193.063844961 0.431401385854 3
8 -254.169952555 0.488161397744 1
36 -194.094937941 0.570239235826 7
69 -168.494236839 0.188388569886 5
50 -181.677439471 0.205156299904 7
66 -169.687359154 0.903464331842 8
73 -167.056243072 0.642137726851 8
68 -169.160790896 0.550170604763 8
2 -274.13734109 0.265367029745 9
15 -237.307954708 0.398506129806 10
33 -197.494124152 0.304706879718 0
21 -220.740253799 0.775738869323 9
23 -207.095581325 0.674120126946 9
22 -217.645704367 0.412021668351 11
68 -168.773060814 0.0662718916437 8
41 -188.485446053 0.74757677831 2
71 -167.950988645 0.598771225926 8
35 -195.617201687 0.656188355427 2
75 -165.469680055 0.0457682297151 5
15 -233.403618227 0.228015843046 10
65 -170.797370754 0.413192438624 8
50 -180.88990187 0.230031286589 7
22 -212.516390618 0.69650018962 11
7 -255.190648504 0.998203447722 9
58 -174.095021415 0.734707111899 7
87 -162.488638713 0.671612026157 4
40 -190.604787477 0.215907118151 11
0 -323.494986292 0.684569269426 2
83 -163.645058423 0.127596337072 4
65 -169.940255419 0.948067986745 5
3 -283.235867029 0.661173007662 0
47 -183.781687627 0.148500847502 3
67 -169.910516669 0.747708657331 7
72 -167.413146431 0.811026270311 7
41 -190.063939301 0.880451584677 11
65 -170.864385896 0.461596607987 7
75 -166.048762807 0.311188986626 4
19 -216.781618256 0.734027623889 3
29 -202.054688245 0.843994710356 9
31 -200.159621917 0.12646772503 9
65 -170.007563711 0.178890453028 5
63 -172.234172244 0.461981918369 8
26 -202.938842787 0.222189281986 10
19 -229.122318966 0.539678150657 9
32 -199.67876436 0.180820961385 3
62 -172.843541737 0.865680100554 7
51 -176.625919943 0.564344303617 5
35 -191.685507752 0.552142430637 2
12 -244.069997603 0.330699703891 2
69 -168.57932191 0.118058150448 8
67 -169.61429385 0.377064428408 6
72 -167.587148851 0.667805824061 6
65 -171.009319157 0.654359326378 7
1 -326.993941191 0.39262023325 9
61 -173.380271726 0.853865141929 5
17 -231.93813679 0.163996249165 2
9 -253.349119492 0.0887216595582 0
39 -189.738349413 0.0510744353348 8
22 -215.126959493 0.273818609181 3
65 -170.924181126 0.068363173982 7
63 -171.730382048 0.823559456141 7
59 -174.828385611 0.929041367794 7
73 -166.307337017 0.771780478075 6
48 -182.886798559 0.473938966548 5
36 -193.031199087 0.271350708372 1
32 -199.476478734 0.843805872154 0
24 -211.326142904 0.318163754128 1
46 -184.489298063 0.721779085363 1
39 -189.690510879 0.516841245807 8
22 -217.856588804 0.633800755711 9
2 -283.514574206 0.419792862851 5
12 -233.980012386 0.81771378887 2
28 -203.286602676 0.222512306647 0
42 -185.792881051 0.422417687823 10
81 -164.440229539 0.639890849307 4
75 -166.447356364 0.855670845013 11
36 -195.423080568 0.695088632425 5
26 -205.186356675 0.367088697578 2
57 -175.353555381 0.699866830633 7
40 -191.290444587 0.615637639274 5
38 -192.838770127 0.673757292977 5
25 -207.556259277 0.499385515508 3
79 -164.429025302 0.0965987447811 4
72 -167.344525822 0.0703536286907 4
81 -164.488746126 0.724432147541 4
76 -166.118418325 0.439792875234 4
64 -171.533962601 0.203466038798 7
1 -334.008792999 0.965885740103 5
75 -166.233594578 0.245218549169 6
76 -165.676785027 0.624109729536 10
30 -201.027938708 0.00668048426349 2
80 -164.64099589 0.590572315993 4
55 -177.695651043 0.914692889923 8
3 -279.537625621 0.41695582819 3
85 -163.016036119 0.602503019177 4
6 -256.037617781 0.981319375844 5
8 -254.099082806 0.658161967332 1
32 -196.508311196 0.78961691297 9
86 -162.843709936 0.783888589015 4
64 -171.479429516 0.823566696991 8
85 -162.854898075 0.0148786643111 4
45 -185.89718564 0.196293127542 1
24 -210.045751624 0.46870468957 5
61 -173.556472861 0.116374061256 1
52 -178.943780946 0.942418687222 1
50 -181.583339813 0.507175238392 7
52 -179.685379491 0.28810233784 8
42 -185.644289733 0.107345664837 5
68 -169.037907168 0.463608189072 1
39 -190.095953852 0.441753505262 3
40 -190.844189538 0.424464741476 3
53 -178.328440602 0.526281230518 11
19 -224.74706332 0.130311846181 3
69 -168.93236989 0.311723379352 4
75 -166.367490532 0.248930724456 6
69 -166.044228191 0.367761769621 10
69 -167.452275253 0.350091594825 10
65 -169.251668894 0.483978890551 7
6 -254.952248031 0.811234353647 9
4 -264.663558176 0.656980737572 2
2 -293.175998578 0.576443652311 2
62 -172.708074954 0.908708323485 7
52 -178.255182192 0.777277067392 11
33 -194.796471153 0.884264855867 3
53 -178.941470858 0.182318650093 7
76 -165.712612288 0.132197789597 4
76 -164.423107929 0.297386895921 10
26 -206.94358969 0.127325726994 0
38 -192.925352275 0.391325931049 3
8 -254.274185071 0.654615175772 8
67 -168.927864947 0.500748287792 0
56 -175.885035122 0.101168150278 7
27 -205.128700218 0.0559402953256 3
14 -237.913152266 0.424958377117 3
77 -165.537839318 0.351330668751 0
50 -179.992382408 0.596306986112 1
42 -189.401113727 0.210397630471 7
43 -185.611686903 0.592665006331 1
11 -248.349348756 0.227590339308 9
17 -231.060841361 0.675171198905 7
70 -168.074052383 0.276700811558 10
49 -181.804355856 0.701158729011 1
42 -189.668660532 0.184031736599 2
28 -202.899196627 0.347171510593 9
42 -188.229074354 0.251144867236 1
65 -170.890658467 0.233927876979 6
8 -253.783263439 0.681286965701 3
7 -253.905601087 0.445880937822 5
24 -211.327291139 0.772003019568 1
52 -179.851621088 0.189625203222 2
18 -225.360763824 0.131091757745 1
14 -239.421571744 0.630393563312 8
85 -162.155709072 0.487508361893 11
58 -173.843993414 0.2990231958 0
57 -175.377862847 0.693826150081 10
21 -216.043459614 0.599025185438 8
16 -233.404756939 0.184150290734 1
64 -171.321273835 0.0857122495283 4
30 -201.252090191 0.768578924358 7
55 -176.901668321 0.379827460299 2
67 -169.772403444 0.274388050831 6
86 -162.689526521 0.941343784767 11
55 -176.52690557 0.705385712657 5
23 -213.539602808 0.0304832248792 3
87 -162.233078185 0.196263345453 11
17 -222.372544723 0.0718555273197 1
64 -171.467898178 0.763622938194 6
47 -184.470056912 0.519435837555 8
45 -186.65321832 0.145016060771 0
26 -205.233563722 0.780380198893 1
16 -231.613100445 0.430381592182 3
42 -189.279071325 0.336040870879 2
34 -195.050793142 0.848312020449 1
87 -162.529100956 0.610404885904 11
35 -196.002037257 0.504387929506 1
62 -172.931379342 0.699745773834 6
59 -174.154941635 0.020232523334 7
85 -162.883167581 0.347737192626 11
52 -178.36935382 0.217509857079 8
43 -188.330652387 0.305121803191 10
36 -190.800678292 0.806938692772 7
80 -163.310055597 0.498631208878 11
54 -177.183890748 0.325774014734 1
60 -174.240516488 0.563825218503 5
49 -179.006863915 0.293131592866 8
57 -174.354696382 0.158994072134 6
52 -179.189467101 0.58786191398 8
62 -172.645474251 0.495000341499 0
56 -176.989675909 0.149548051639 10
3 -280.654791488 0.665387224211 7
39 -191.930060345 0.178790044567 2
43 -187.366821105 0.619646750652 1
35 -196.020890578 0.950814060258 8
81 -164.481149128 0.894498873106 11
23 -209.519586368 0.620816851419 7
73 -166.490708394 0.968008189442 6
