5.307889060075205138e-42
2.579773103526186811e-49
1.376079115512210005e-26
1.051199371328218713e-49
5.444320638253334917e-15
1.069134687166136034e-27
3.933475371731797983e-24
1.275354806631975984e-14
7.616962122175253413e-15
3.603494516579364518e-21
1.189436870082805970e-48
7.769550939794612206e-15
5.148394152370281751e-15
3.056363310619710219e-15
1.309302655073915993e-18
1.634955004821078299e-14
1.073867792605761553e-14
1.466846838464322072e-10
8.336930577611664700e-15
4.508304201395816028e-10
6.684345639451291543e-14
5.051438111221251875e-10
1.535728178224229704e-11
3.970765914132531832e-06
5.966450440928385027e-16
1.869696477447312669e-09
9.598198831646235999e-09
4.239946902984520267e-74
4.580631685403838503e-06
1.627182106221966682e-04
7.741225723290849885e-10
4.015021039398210300e-04
4.101655303815356870e-13
1.414071199920256374e-12
4.176992810043933010e-06
2.419126218775067744e-09
4.366925098591765409e-11
9.211734077583030996e-04
2.550503146650694728e-10
2.367169357130712854e-10
8.908984853002506936e-15
5.501556964706938143e-04
7.187262964084840640e-04
1.019901880175879602e-11
4.769597915855909761e-15
4.925665791978267767e-03
4.268969800355638651e-05
3.477614210536412315e-02
1.113113624923933453e-01
1.726776827985185966e-07
1.338793012559183961e-08
8.393707937997626815e-09
5.554259908243202177e-14
5.100390457627740700e-10
2.051441875831311323e-03
3.075926540910448384e-02
1.690329150477274389e-01
5.068016309948955231e-03
4.278587675063331985e-03
2.569278529561784818e-01
1.466905408676143774e-01
1.923527377100621438e-02
1.707246837677392215e-01
1.579732343156735330e-01
1.093487294962331773e-14
1.076192808421041203e-01
1.597509512900078463e-10
9.318737439387130006e-02
1.577718314706559044e-01
9.160286612507817505e-02
1.234360942513146597e-01
1.537517092709902722e-01
1.012588530792335462e-01
1.908772348589279173e-03
1.476398598876003282e-08
2.132850305298279736e-01
1.505852612350323250e-01
2.899862735771120414e-01
1.175722032508905307e-01
2.877056628731544663e-01
1.182810101930756447e-01
9.705142500784799675e-02
9.935181413134774875e-02
2.770943434248193172e-06
1.202098970167403413e-01
4.736162979968758929e-02
1.211300974626011023e-01
1.857506886960662018e-01
3.923746468340572676e-19
3.123389475825943395e-01
1.541455598162135010e-01
9.830508674356024101e-02
5.987382414078097626e-03
9.764476915804444490e-02
3.929763590792469397e-01
1.611185464952383517e-01
3.994521860758292742e-01
3.861082347417658656e-01
3.730346542054313597e-01
1.760794264124835307e-01
2.439195405938537065e-01
2.298150859858663353e-01
2.946822410177252771e-01
8.753066250542301807e-02
2.701126849703721633e-01
7.166247132186825963e-01
1.057699639748735237e-01
3.497366328241948164e-26
4.723084597515601483e-16
3.932147920594818435e-01
6.396878200027656947e-01
2.768665063787946190e-01
1.445584858221787283e-01
2.171590358115786934e-01
3.255558426043149711e-01
3.365212726861359083e-01
1.316872508622128716e-21
3.722000794636615151e-01
2.186342052539955172e-01
9.767136898018835556e-02
6.034439019340807064e-01
2.915134177374880120e-01
1.241917490645376293e-01
9.991683869450734834e-02
3.018942064984278528e-01
7.685852625232255653e-01
1.760730622366165343e-01
1.971821317027132592e-01
3.514073812065950375e-01
2.934040144846160603e-01
1.259488766510948599e-01
3.550657526427399846e-01
2.068808210325912555e-01
1.602006544372075736e-01
1.595835497304409767e-01
5.115662791304940830e-03
1.651016613701519475e-01
5.059564817009457593e-01
9.537914652144281746e-02
1.907324083589569952e-01
1.934231131503757334e-02
1.962472059331508145e-01
1.349656808699728483e-01
4.367230981486847075e-01
2.980197084465376345e-01
4.048616527803202136e-01
1.194525304042713953e-01
1.391391277501758950e-01
2.511987516502287021e-01
7.080870144727692897e-03
7.278577901994723875e-01
3.943942025107316507e-01
1.395347751384817536e-01
3.338493935291374504e-01
6.736645892905405164e-01
3.518717408821933623e-02
3.714449410693937501e-03
2.568013027657956721e-03
5.096530591286487638e-02
1.290328626198273447e-03
1.707174142761207214e-02
5.575917742000668920e-02
1.521264835256856962e-01
2.801237473313198355e-04
2.113657789282336885e-01
1.548404336406103698e-01
6.053088350744526558e-01
3.673720066918407124e-03
8.794225596452218043e-04
4.178371837532160113e-03
3.579258303360279281e-01
2.483691943344961610e-04
2.843095701598821190e-01
8.730624646024746915e-02
7.167839850925913914e-02
1.524838471195158127e-03
5.432199835770785967e-02
1.091659484516229253e-03
5.960758314105242539e-02
3.304578868742424902e-02
1.703460662896354953e-03
3.159788683394110925e-02
7.516547299110201176e-03
3.621248154266235586e-01
2.614857247206338609e-01
1.000058457666059414e-02
1.072065857589595017e-04
3.445416992605923210e-05
4.907026662273375451e-05
7.446182136031384644e-05
2.098422044190485027e-05
8.152624846993038465e-01
9.853096599108728763e-04
2.919711099205227930e-06
1.442783750316926592e-06
2.526179372133099474e-05
3.793048281595018681e-06
1.367713866463749431e-06
8.556326880762907261e-02
1.548826016833686724e-02
8.358391899497194782e-05
3.209406351752706540e-03
2.515313017351429286e-05
1.149282741740692559e-02
5.457739763020258269e-06
2.923057494769351963e-02
5.309930234669668625e-01
5.989397610639272921e-06
4.263149231583118204e-01
2.759700775728411992e-01
2.013278668715920371e-07
1.782712672642106042e-07
4.574097471895421505e-07
9.163845170220612689e-07
1.293806924489971644e-01
9.663026737509783775e-07
2.329304948264367859e-07
4.540128598730134282e-07
2.231584875788696656e-11
2.333446967953100302e-05
1.417031968833701359e-06
1.162419519004628130e-16
1.608833133927611671e-20
2.229577582430779411e-07
3.640429869621138309e-06
1.364190402055949720e-07
1.033738985424017751e-03
6.120415913611492592e-02
1.138655515893933339e-14
3.386586028400893622e-01
5.622793777219662822e-03
4.147819550343712053e-05
4.110667062811031968e-06
3.167666419988413029e-01
2.545883901355951440e-01
6.187920169413029738e-12
1.478518783782574453e-01
1.538078147057349021e-01
1.166402857186857461e-01
3.585983199907556429e-01
1.132026091597310999e-07
1.291375383098145035e-01
3.136425157782435723e-16
8.865950873853523095e-02
5.602676682478688243e-07
3.143903848988433003e-02
4.573552779163763127e-01
1.363013241154904728e-06
3.009650520937671644e-02
4.186011968130251212e-03
5.917612173843957990e-01
1.382681614836482609e-01
1.331635474150546083e-14
3.287874232542545294e-02
1.340588281646530600e-01
2.637954242760535625e-02
6.676796352407451047e-15
6.337111670916050934e-06
1.210332884136868234e-07
3.174214152200470762e-01
2.840161381888054005e-09
4.817349337022660549e-01
3.956707464721385569e-10
8.492838959986944120e-10
3.406692989680605577e-02
7.796640197414006252e-15
4.271188268652576186e-04
3.079769361911410819e-01
6.165583830194714537e-02
2.275405499806573144e-06
2.604302960922580054e-02
4.767517426356345905e-06
2.114752660214384156e-05
4.633311421866254132e-07
3.916701496496715063e-01
9.357046639739280181e-12
1.775721319705357524e-10
2.406204922069205345e-06
6.289846106224825650e-01
5.994274202398757190e-01
4.873786401206161578e-01
5.503473336209104838e-01
1.284944641185138867e-07
1.052164520767121525e-01
3.768002250535127523e-02
2.498651500635946654e-01
1.695516221213373420e-01
2.113388449413404202e-01
4.220219522566914794e-01
2.000867378559566538e-04
9.051184867542061738e-43
5.113981004055295998e-07
4.836095339133119481e-02
2.281614415945464325e-01
9.659940559621345291e-02
2.621518034073676696e-04
5.162974682509109462e-10
1.306596476372258211e-07
1.034243940779504406e-01
2.469225486493839393e-10
2.164992799645217014e-01
8.659461587716921161e-04
4.035584051821362823e-11
1.542461613138775278e-01
1.910704915652260041e-12
9.551416300804893209e-10
6.890820352206167518e-10
1.919681686134593382e-04
4.750939940672088690e-01
1.204796978875071821e-208
1.194351578943946834e-01
3.290788605206113049e-01
8.986039014371241529e-04
1.888392911397046830e-03
1.715398219460426699e-01
3.391843429197453907e-02
4.519213461172693624e-01
4.994963594026152753e-01
1.492608919666866818e-01
2.672215843024082916e-05
1.124727243826262194e-03
7.064036303503034020e-01
5.194915013695018679e-09
1.683849945350978927e-01
8.428798330131361218e-07
4.427833197507346358e-02
3.128970025363372182e-02
3.351993398229498045e-01
4.669770912136775309e-01
9.093814735365152785e-07
3.115816011495752685e-03
1.050461499173063981e-07
2.391219892242320375e-03
5.644706214570922864e-03
1.002276981356784585e-01
2.646787535181925740e-05
1.053146276983198650e-06
8.199126792611460823e-02
1.431011104992640781e-01
1.635548116609184532e-01
4.779026800915178730e-01
1.087923942159606814e-03
2.031050970724536386e-01
1.295218831535933091e-01
4.595897343128662661e-15
1.822740978783386756e-02
1.116830491134485157e-03
1.051699702458747041e-07
1.116566211178352270e-14
2.971371034237624043e-05
1.483638032933593862e-12
2.102156753928512700e-01
2.044771039037961982e-12
2.718287979167025373e-02
3.205559053134917485e-02
7.249182646208448544e-01
5.346897478838774642e-02
1.191591695501756087e-01
1.061766020248936206e-07
6.444835615085042768e-01
6.050214626656689326e-02
5.226762491805437654e-15
2.589094774981295834e-03
1.084323153587779254e-01
1.008546940420762258e-16
1.628594353036464218e-34
9.637753111091260094e-02
5.342377623740876373e-03
2.368197820175388379e-02
3.938221402135321485e-05
1.554991335177272332e-13
3.038449789576663784e-02
4.910048207537878739e-01
2.445759220553716529e-01
3.862370967731684201e-01
3.174095164117138324e-01
4.768982480679261524e-06
1.317565401236764261e-24
2.039324638801988665e-01
9.996026802806565019e-04
1.497391258426946647e-01
3.633905538243449154e-06
5.272369324514577453e-27
1.058010099853165437e-06
1.764475598400269407e-01
4.840019111493730319e-14
7.792524085775052599e-15
1.902188386515876184e-01
9.734206210544632532e-02
2.290624781284267419e-07
1.402659282860493350e-01
2.450695823074827695e-01
4.152289864340824235e-05
2.018292780208482884e-05
4.506468565455444883e-05
4.247730864443494993e-03
3.605369160950360440e-03
5.672409860846494567e-01
2.102939446857093010e-07
1.279398712044745175e-09
4.327461398659898650e-02
2.001260401208738799e-11
1.141954334307931224e-01
4.151190105653181322e-05
3.721116864449320440e-15
4.703684729738365759e-05
2.807097776559645298e-03
2.106918916069498715e-01
8.540126734280860388e-03
1.467590715504704743e-09
3.994941358576161172e-01
1.432253080310269515e-14
1.414438270617120336e-06
8.326374854772168946e-03
2.132765678671629472e-09
3.511606849899804317e-01
1.251310133109366030e-03
2.858780089538101588e-01
1.145900891861758170e-01
5.657549934698837858e-03
2.614059682966405297e-05
1.686933719768830527e-03
2.396762682271189049e-01
6.110708523601477565e-03
3.199240688065766152e-04
2.682772084119208755e-01
1.402198313116685691e-01
2.201590664817780763e-01
2.479251175706168931e-04
4.009865171314176413e-01
3.944658722632029546e-01
1.197643857669206252e-01
1.281460710838941697e-01
4.300894977137284525e-01
1.167990815696016536e-19
2.780892673033735218e-01
3.013433643307424515e-03
1.473509739231033400e-01
8.482975940999514376e-52
1.223298526759076243e-01
2.235184756281501928e-01
2.483427743927878442e-31
1.139832361891134306e-22
6.910659909659422340e-02
1.331773308540346312e-01
2.281105829421489206e-01
1.466124268584500720e-02
7.169063367649688295e-03
6.771093542683268274e-25
2.031007533307304103e-01
1.732563844628902077e-07
8.121845410635622950e-34
3.114507975845328780e-04
1.045689211617858855e-01
1.350778785290352400e-17
1.963788395833436784e-01
5.330523390115155893e-14
4.175922594987967921e-06
3.315981547984562794e-01
4.031868765978097477e-10
1.082812444787711464e-01
2.708726595863610864e-01
2.924752889869399949e-02
7.749669880326559607e-15
1.709901394996299438e-18
3.336340929120482079e-01
4.321988328423061678e-15
1.064313713130342914e-07
1.133887497272093635e-07
2.847357250603884671e-01
2.131005708811431476e-01
6.780983225779613210e-02
1.904069186170528874e-14
8.670569680001400607e-04
1.980156978600707274e-01
1.149207356889379444e-01
2.788792338907926105e-01
2.875467293717547869e-05
5.452059251441043996e-05
1.145805730600326181e-14
7.166735041965845181e-08
9.251099571110064798e-07
5.298885549070776468e-01
1.234967447112292609e-16
1.067142918464127426e-14
1.047465077705520490e-14
2.500346983774076942e-05
3.776426408886128516e-02
2.250838547583180194e-01
1.278380855644938325e-11
1.049216774385528100e-01
2.525621600093596597e-01
1.367695134382606028e-06
1.101525609761503342e-03
1.130508531162903972e-02
2.653754490020225395e-05
1.751296016415996304e-01
9.308075438241220675e-05
8.076444267495989926e-02
2.796257244797501970e-02
1.638427564653615887e-01
2.226106952327968624e-01
1.258387690497952682e-01
2.534770798511498592e-09
3.766624312774207173e-01
2.298319294286857431e-05
6.819063099342793921e-02
2.747186793762671246e-05
1.855528961325317028e-01
7.124589496378298456e-03
1.196228043418017567e-18
8.781310402625824323e-19
5.776382776652199125e-01
2.649595895184256818e-05
8.819901992341022871e-15
1.515741834160967099e-07
1.013509040884417274e-03
8.523867930899386731e-04
4.681074584621329667e-11
1.042207874771572009e-14
1.864069538861748453e-04
7.002068631848529313e-06
9.091912835061171858e-03
6.295741758684466072e-15
7.038947130706989562e-21
1.331976716192410090e-07
6.115622586112060693e-02
1.050876328933876731e-02
1.224252934615301935e-01
1.176616079384373110e-03
1.918500075873826038e-01
2.533253585410655262e-01
1.554156578846402174e-02
1.790939285364961386e-01
4.702286532254726370e-01
2.071276070016779824e-01
1.666532612646210262e-10
2.414415765247878431e-01
2.941471756585152219e-16
1.060163950686974221e-01
4.375261703743596464e-02
1.770051164490995659e-36
6.375195681541587778e-01
6.498704723376087511e-01
1.810706158204856420e-01
6.949617653883582318e-06
1.112512756110687882e-08
2.993531309829443043e-01
8.538893036226150035e-02
2.642954671330741958e-04
2.560748708244973363e-03
1.467658605926593819e-12
9.870865769179799909e-02
9.794664071391318873e-04
9.613660885290084557e-02
3.452247923829587675e-05
2.141033447484248231e-01
1.177777358335941604e-01
2.927724397961857239e-01
5.873832919133192619e-06
1.040842326617698183e-01
2.088424877592602233e-12
4.611134198195725974e-06
2.804714498379502485e-01
2.674561126851569295e-08
2.256846553007672668e-14
2.501034105704251049e-07
3.587485647590770155e-01
8.419303397603235262e-02
1.150158205450249778e-13
2.937636597768108670e-06
2.616323562655402998e-03
1.518236088593375166e-01
9.796051627810522079e-15
2.576110660543944331e-01
1.832335439542180859e-33
1.240568063735228104e-07
5.270356710856161712e-66
3.153513942467606190e-01
4.259307079757192471e-01
1.223577273630155893e-01
2.700578368485500618e-22
1.132887198819726438e-01
8.003669198527831041e-02
2.830466926543806998e-12
3.081668019483113817e-08
8.978100515688765271e-05
3.809163990957450951e-01
2.295037733907527995e-09
1.568447527859004509e-06
1.422973369737973726e-01
4.851070960179230257e-03
1.241934671472401941e-01
2.301337841756526685e-08
8.546863370350516529e-15
1.305938162645796895e-02
8.755954341894589819e-09
3.629941466439225243e-05
2.475765181024843775e-01
4.510625868453848053e-01
5.024790299397467383e-05
6.468414704202780918e-02
1.230783630364685429e-06
3.006454229915022617e-11
2.707138085028781838e-01
7.732016961923483442e-05
2.069619426837256415e-01
4.367078897571106007e-18
2.898590385217143921e-06
9.530406014771508616e-02
1.902564637823640215e-01
1.349842033499355025e-06
2.076869343603934320e-07
1.346999491198412335e-01
2.028043817497644785e-01
1.006480548339758753e-13
5.127370595835302581e-07
1.173949306886936106e-01
4.941893336453888619e-01
3.694719671006401751e-01
1.988197621286392214e-01
2.916964651515023543e-02
1.019643045516283028e-11
2.819578253886362851e-01
3.349838903792504152e-01
1.116306166139383743e-01
2.521497228255604184e-01
3.332925827114100419e-05
2.238405840800518909e-01
2.575302415193716230e-04
5.365450732746033279e-17
2.544564407046690652e-05
2.375570194803554410e-20
1.764009208073080981e-01
1.641800230589305264e-06
3.920860455845186661e-06
2.371546958341553268e-01
2.097470757303921526e-16
3.308345970417140145e-11
8.873542066034037501e-02
4.495467943588890014e-01
3.252429053052910968e-01
1.716255150589161181e-09
2.003893719364593096e-01
1.727452420646868325e-01
9.955155271644572368e-02
7.636718628226132344e-01
1.467964292173337126e-01
9.610306830754469787e-02
1.592400417586386214e-06
2.460718394533511774e-07
1.726559576986124566e-07
6.817273392645656349e-01
3.277681824302494662e-01
4.709325816225898830e-15
3.443499298813506668e-14
7.217605042029360752e-10
0.000000000000000000e+00
3.419703418836462974e-03
1.430050254646709484e-01
2.281263183512912962e-01
2.163488430867231971e-01
3.392089176266591137e-06
1.372018561157931638e-01
1.693786253479754866e-01
6.544769850701162524e-15
3.562926875955596221e-10
9.626492390308312441e-02
3.024722815405752230e-04
1.730732497112599244e-01
8.802751636476982114e-16
6.401810146537023627e-02
6.408917878378538047e-02
1.662682287878078393e-06
4.547049245518439142e-01
6.710227590873773714e-16
3.303937681712163128e-04
1.574686104021803610e-06
8.176742677435216988e-02
2.250275030175091506e-01
2.265239825800556550e-01
1.081592144995381947e-03
3.121360133517695479e-01
9.343532119002908101e-03
2.652735441397421901e-01
1.000000000000000000e+00
2.317533694798242783e-01
8.994324068647899240e-02
2.958540958560784140e-01
2.576914644265994314e-02
4.188652596740576328e-01
3.759185382207174131e-01
1.140036686448152124e-14
2.010212662471065614e-01
7.310355055394923696e-02
8.108758807930223356e-03
6.595683888158250692e-03
5.358454740152082327e-03
1.099440798594899866e-07
6.474579451991237244e-03
3.123553003332270664e-02
3.113083619824779102e-01
1.820634047129676136e-01
8.716571694564698722e-04
4.889457563435860299e-05
3.907300026267520980e-03
3.539510582367124542e-02
2.327601734840242391e-05
9.879631113540058518e-14
1.364433455589738572e-07
6.414824652234095686e-04
2.919691722739561099e-04
2.368770642452568760e-04
2.553993491629996866e-04
2.336894618156537979e-05
2.154104326930191826e-01
4.519353508781100300e-04
1.632482123295224408e-01
4.230082414749032904e-01
3.790764285111066986e-03
2.988877409947708610e-44
1.720349116471569075e-03
2.506975265652479226e-04
4.703101042222960024e-07
1.445204154822314259e-05
1.008770274576770161e-17
8.392540377294444368e-03
1.574172598966693791e-09
7.792928999002282121e-03
3.363484466156243524e-01
1.391951240005485646e-01
1.038750452695852144e-01
6.703231977377382619e-03
4.748007793224164885e-01
4.025476959155342010e-02
1.866841665121227178e-01
4.648361819467746181e-01
9.270604657073035215e-02
5.920832503479438591e-26
4.795082303407887780e-05
1.589172611822916446e-13
4.078693579818819526e-01
8.050458918952983243e-15
3.159898762990245857e-01
1.536804690139206842e-01
1.370992151029484241e-01
9.388090717737352394e-19
1.650733043908715336e-01
9.531675954458195286e-11
3.723336836966174013e-01
5.676811101017177619e-02
9.589481347938610956e-02
1.417644690724471357e-01
4.097123343903016912e-02
2.020270328771713313e-04
1.516273743867687651e-01
2.690987522513399116e-05
1.558957007692639840e-01
1.876850325302070873e-03
3.244734055667002903e-01
1.577340814199843446e-09
4.009075245429494157e-05
3.512007148132325063e-01
1.312743723273277125e-09
7.084543052321085936e-15
1.139093050177629740e-01
9.474287186546105759e-09
1.603991167628429360e-01
1.772543894264333525e-08
1.516528744938828444e-01
2.920545421404769498e-02
1.634116755895475464e-03
1.003212158131901507e-08
1.872509711380134796e-27
7.296981677158225453e-03
2.451866306350492797e-01
1.092511611905182958e-10
2.143012629151720139e-01
3.534198138627453467e-01
6.131182223467788184e-01
4.323750014423300425e-01
4.135810979970140910e-01
1.794891183284229655e-03
6.458807984192863061e-02
2.613046554864851493e-04
2.265545884873724076e-11
1.075827815157274076e-01
5.185698115664118257e-02
1.367105488655275813e-01
3.317141334392241117e-08
2.670582375090789773e-01
1.185156211515841634e-01
1.387076685696627676e-01
2.645727225632077406e-01
1.114676626479157578e-01
6.620857595919770085e-03
2.097076392483390839e-11
1.469919292543743925e-09
6.408291791278866723e-02
6.185613314608711719e-15
3.114245369444321784e-03
1.896194255784497138e-09
8.680210261675278232e-05
2.002406978201838883e-01
1.108341516762407532e-02
6.701245278709702253e-22
5.418148768990515130e-16
1.444775625998803048e-13
4.046347606469361301e-35
1.983953507857125487e-01
3.634260818069334764e-02
2.117906080284431558e-07
1.190420713682683693e-14
3.527051980461318810e-04
1.068482966002132869e-10
1.703103443168277054e-01
1.141788633805235625e-13
1.653911589703765117e-01
1.603830296666580724e-01
3.724182632560984474e-01
8.014904071336445557e-02
6.465597241308160747e-04
2.726348080913981176e-01
6.830548917702982911e-15
3.478449434580389577e-01
5.978902463079942553e-01
1.026993664494524477e-14
2.011972041547305801e-01
2.135552254841674713e-01
4.859317380516927423e-07
1.089037073869195864e-03
2.493480885647047086e-04
9.467688059824668151e-04
2.360327533077014047e-07
8.386084538590883597e-02
1.610738912654235966e-01
2.122609900693968050e-05
1.281268584643468740e-03
2.859165584971925316e-12
6.420518214627606504e-06
7.201763708878256010e-01
1.101308796518732964e-14
2.009205728548070780e-01
9.308858552571093849e-04
9.259281510190134346e-02
9.773647615608584138e-02
1.066158045376643972e-02
2.511181032092407485e-06
5.369712468814753087e-03
1.878119478117129815e-01
6.822451242201105215e-02
2.588615073367306341e-02
5.397222755698287931e-03
9.671686830818895797e-02
5.975070082240160341e-01
1.469727112245265032e-07
2.549693579720451519e-05
7.427915413841859431e-03
1.367458313013156512e-01
5.431988771944542394e-06
2.673742758422338389e-04
2.772120935737255111e-05
1.500984741069734951e-01
3.385336452685066000e-01
8.795313077497391233e-03
4.071492979461799089e-05
8.069955071111517909e-13
3.806676136141272526e-08
1.293488901772602642e-14
8.990756023457110446e-01
4.056462975976285186e-06
2.536363258313373975e-03
2.939225463217982124e-06
7.783672761217369626e-05
2.996279845414880905e-01
1.647095880673870305e-01
1.781474298105819865e-01
2.101163873518498325e-21
7.560028733843496274e-02
7.134897880669965152e-14
1.885068802312529995e-05
8.760409607417574129e-02
7.497678858115530698e-01
2.174140216768562556e-05
3.531511391988488099e-175
9.652038718152210635e-09
5.842092235862114895e-10
6.156644887195175109e-01
1.787614762208841049e-08
1.243363530361327185e-01
2.478829170395031886e-05
3.244706841091007431e-09
4.050925174246610139e-01
3.013461303340748950e-12
2.218238056363493887e-02
4.056399096839300063e-03
1.820177791132479850e-01
3.845240405171423525e-03
2.466857319540065874e-01
1.961704671215017473e-02
1.581466755032960825e-06
5.951166691587311125e-02
2.317590273725331095e-11
1.773886579168871269e-01
2.881712604399778999e-02
4.020318332203652763e-05
2.474791105571533256e-01
3.458255956095030448e-01
3.268587128540388630e-06
6.707073788489364106e-03
2.265712880069112442e-05
1.049721250651025201e-01
7.183113033783565332e-78
5.911096487606291305e-18
1.170679722654607846e-01
3.387385468538516426e-24
1.852938112214344013e-01
4.268977235992363072e-07
1.116252754306464173e-01
4.220525103279956120e-07
2.529354177583885820e-14
4.107826457835863823e-10
1.634618438702418464e-01
2.935052312166337440e-01
7.752388566249494141e-15
8.277300087800297996e-13
8.096512439635496564e-03
2.998844182665474524e-05
5.832796619800023619e-01
1.198739759315445551e-14
2.644080828394042293e-02
3.617447632498033694e-01
1.039125877364509118e-05
1.139159952068185266e-01
1.184532474202274969e-05
2.882589150844737727e-02
2.092904756301393332e-01
3.563463797753331751e-06
1.715461694350993958e-03
4.083913309030188414e-19
2.611953526662998994e-04
2.108951637392667000e-01
5.346652527035988117e-02
1.795650573201799660e-01
4.241817510427629001e-01
2.434539002614258469e-04
3.814985210190793927e-03
3.834635079529755824e-02
5.800944703680026713e-06
1.645192322498904847e-01
8.953540331542700348e-02
6.659146753118026785e-02
2.516169292203079290e-04
1.482951879804901285e-01
2.613010069904666069e-04
1.118286026148332252e-01
7.080993178886396744e-15
8.034367887764557782e-10
1.088442848376086707e-14
1.139955719006969853e-03
9.407724859459659639e-02
1.128361794847813304e-11
4.126618646860640283e-01
3.949455572279212968e-05
2.325694954844202134e-01
3.921297773524827779e-01
5.297258205881790749e-01
9.258618413069396593e-05
5.071258904236301702e-07
6.994840302288677369e-01
6.086956027696460714e-01
1.183414283099122052e-43
1.698722412481046273e-02
2.800256359210537283e-01
3.979998413233632940e-05
2.336721745990061605e-01
9.162003050090436219e-15
1.198669930414894141e-01
1.310610803711511002e-03
1.656641451829802598e-19
2.880918676327217813e-10
1.808211311412210578e-03
1.358926516219463865e-01
2.672727560348019389e-08
7.478597617175499802e-05
1.618036891382189705e-14
7.785776866774881677e-01
1.281601979114640653e-04
1.642668404723923725e-01
1.771737587285830418e-01
1.528356296280820037e-01
1.277933763897104620e-03
3.087728394363702047e-19
4.759677174115601872e-01
9.857812585419124376e-22
8.656113090581639166e-07
5.219980818116061461e-02
2.748703870496281494e-05
1.512959518017937369e-09
3.638546936630743939e-02
1.549634924762187116e-01
4.345453869729415386e-02
9.382402318645306771e-02
1.177790448226229414e-01
9.979876043663182816e-02
4.379916860861585767e-04
3.521240485753447391e-01
3.033177514585326251e-01
2.031649611682432299e-01
4.506200279189890138e-10
3.137087716479253774e-01
6.533174585372796273e-01
7.761860991825499165e-15
4.291008316008117218e-02
3.530430219337382658e-01
7.232959532087773757e-03
1.128121525570519305e-28
1.224553307945408075e-03
7.749011861809220806e-200
4.789985935111027993e-01
1.067312229153051101e-01
6.300517057931728226e-01
2.129197106031593489e-05
6.626573098701988693e-15
2.287534384818768751e-01
3.177200321759942603e-01
2.688692567336700527e-04
7.344690268940244279e-03
1.945697053385057537e-02
9.358787463910860083e-02
2.064783280146216603e-04
1.895279227264492473e-08
1.579498641943209367e-02
3.423049336634071405e-01
2.635460293717483693e-01
2.714155579679287666e-01
1.971880006747494781e-04
1.539667372759066953e-06
3.917224796904817485e-18
4.566556088334869368e-01
1.551902237825773245e-01
3.083112963527152319e-04
2.421232755657199882e-60
1.835716735725708261e-03
1.420777135123666485e-09
2.303400820974958740e-11
9.123657464954034735e-01
1.966454052629784954e-01
4.362444712811015914e-09
3.078613843560631513e-03
3.329882501968530265e-03
2.275541257248095972e-01
4.140356799905470404e-03
1.309677560183619693e-01
2.522777329781391575e-01
1.039713225084973058e-06
1.847316642525226871e-01
3.263106788140481829e-01
1.475486017288446527e-01
2.691280485558199542e-01
2.872140388093811225e-01
8.076768093388743582e-05
6.352498797747871406e-02
9.219657772702435916e-03
5.742403867271321011e-13
4.026417714744823667e-10
4.641222298632038772e-03
2.593930294785654371e-04
3.287033124373724829e-02
7.016110864433410292e-15
4.907289577991383496e-05
1.492165668839733378e-27
1.935088284739775886e-07
3.476567474471928612e-03
4.602704711744001198e-01
5.924333235542778090e-15
2.387687095294781822e-04
3.952950310860216532e-01
2.738890745896259034e-09
2.863418508341929458e-01
6.689452966039594051e-02
4.049921813913702278e-06
7.814331159056613074e-02
8.754358607183543740e-04
1.434395063329980567e-03
8.605328510351499538e-02
5.944161236527519206e-15
2.574083884275292153e-02
2.018761964690527405e-05
9.799475860050145071e-05
1.583911328221435427e-09
1.503716993568774141e-01
3.223366192772293486e-05
2.821503964944471754e-01
1.160302420711650379e-01
7.783816518274351559e-02
9.128802475820227413e-02
1.021718684410210126e-06
3.409433125441623648e-25
1.330773129674184818e-01
5.527951221948738302e-05
1.621191882162879502e-02
1.050396658286861825e-07
7.557445750189484926e-15
9.665626095643778049e-10
2.095314995152160742e-01
1.385650108114773738e-01
1.440944132954036758e-07
1.448771775903571340e-06
1.940578287767751902e-05
3.344341290607961680e-15
1.554486832435559704e-13
8.035544765449679702e-03
8.794111348686648340e-16
3.210620810480922718e-09
8.504751421797638150e-10
9.915232924907482617e-13
4.375175824082665252e-07
2.037333447298434285e-05
3.500977593721548440e-05
3.890179970969016576e-01
9.360730568344187430e-02
5.735107249243823392e-06
2.563302014721949851e-01
2.506209281757784124e-01
1.305728256195176074e-01
1.055883849942387959e-01
2.657540108450669679e-04
1.692969997810851513e-10
2.407069640215967754e-01
5.797272933240131820e-01
3.097496687202129441e-04
4.835273068092205784e-22
3.014366271603120420e-10
9.768817218666532537e-09
2.856605623539155148e-01
4.004593345299946707e-05
2.107073244920716922e-12
6.714275692961567676e-01
1.269117856084291337e-23
1.061241008045233081e-01
3.945399437378484736e-06
4.637924502491816686e-04
5.793340111143453934e-19
1.218048003985138933e-01
1.958252481322308220e-14
5.125099869625413529e-01
1.321089420293762561e-23
2.624934400830153567e-16
8.644502164485591902e-03
5.157913068543468198e-15
2.560714383481196535e-07
1.739402723178121572e-12
2.364918812882926547e-01
6.107283171513764319e-01
1.843724809865909253e-01
3.721613135589072006e-03
6.493160732636679179e-03
2.780836490491099631e-04
1.118158674012737289e-03
1.197044037834523594e-02
1.796310855170493992e-01
2.341084363834359250e-01
3.338916610466152650e-10
1.042103416648535089e-07
1.164951895360793794e-07
8.120989519152655135e-27
6.282657669700013846e-03
4.559901168017572884e-05
3.437893759336646127e-15
6.937665947305864517e-10
2.641336948053132679e-21
7.741304088905949510e-02
6.185378958725083970e-05
1.038217117628709336e-02
7.307034775136549143e-03
1.108065014429895087e-03
8.211989868159079850e-15
4.161780255302215820e-02
5.167479420189659278e-02
1.023189703966123909e-01
1.524292028660872156e-01
9.904005384559150249e-02
3.336170079986147674e-01
2.734723014399089228e-04
9.960184002945253467e-02
1.614361324414047838e-01
7.725321028097066611e-02
3.118055305743366867e-01
5.102281033023926549e-01
6.167115989695566569e-02
4.073174733019113702e-02
3.207502030867990226e-04
1.448528531569151789e-01
5.481954904193853118e-01
1.518414799505814959e-25
5.496937237365505380e-02
1.172333782133250929e-01
4.756571305310853900e-22
2.283275864034792491e-01
3.966515805025195851e-01
8.759830057712611473e-02
3.085997643650032485e-01
3.593790638904659218e-02
3.267141391115137017e-01
4.377198290405569514e-01
5.398577536579018954e-01
2.647387566707103298e-13
2.790357181284811028e-01
6.132161671980392720e-02
1.707695005003024864e-03
3.168802149686036213e-02
5.114166114869976854e-01
4.272762503366581262e-09
1.356367824354189344e-01
3.215276257745796526e-06
2.757675434269026785e-03
1.834674995448817569e-01
2.204800868095651845e-01
3.418712082131751887e-03
2.069373395808078340e-17
9.578099877724544076e-02
2.057152817045955752e-05
4.580961154202297346e-03
3.150612762066366388e-07
2.196473983336753588e-01
4.632851516077877086e-06
1.189836510676185455e-01
7.308245692907092269e-04
3.174511798470697199e-01
2.944634240424627292e-01
1.608950517178447115e-01
1.594841850076695600e-01
2.892663923125703973e-01
1.842308748469640267e-10
1.248282125691695804e-01
9.573326008388260562e-15
3.728627307048038020e-06
4.253053568316749611e-05
8.263169738863438960e-15
6.724745041310867066e-49
1.394959493074873007e-07
6.292476522274657869e-02
3.351331662396788607e-04
7.474718935377953032e-03
6.811049779713503061e-02
2.828086064846920267e-01
1.124227291459568627e-07
5.084911583350621236e-05
9.344942448654134963e-15
1.970687093524060574e-01
3.324779472064590125e-01
4.972480668504714596e-01
3.030392532337878735e-06
1.012036885017129212e-01
3.405122085022085909e-01
3.064307640162129420e-01
3.392213498370064140e-01
3.793783270627685278e-01
1.289487482938093237e-06
2.149645673725253947e-01
4.975017693590638897e-03
3.464959785842411522e-06
6.207395415886708025e-06
8.170302876828814958e-07
8.267826011631863577e-07
5.412539983771417170e-15
2.389924671740463979e-09
7.994703724151068502e-02
3.876676838644833186e-06
2.089676862146081798e-07
5.085779250877333138e-03
1.147663539291291779e-01
1.614113757552590967e-16
1.284957602123556408e-09
3.199164019887109755e-03
1.577546338864022632e-12
1.198372705398006444e-01
1.546087725021457193e-01
1.371435691426284992e-02
2.066487913738312143e-01
6.330616531264594560e-01
1.216297667478778927e-03
7.163684671912344797e-04
2.188686542565596027e-01
1.412642407855626521e-10
2.220744998748275302e-07
1.169028148500868194e-03
1.536641751417807657e-06
5.150812514669021736e-02
4.303353066442253205e-45
4.724151041174284686e-03
5.774783850565366363e-06
2.176638243859555161e-04
1.604310606460621624e-01
2.492495124423031415e-05
1.645395815760311627e-12
1.199434375056858420e-14
1.230821761606906698e-08
4.177281193093250744e-01
2.061811507233910943e-04
2.293612981105084013e-75
2.502813326471100167e-05
1.481459651301269327e-07
2.736485951158924151e-02
1.553497778344405944e-01
1.210018521068257469e-08
6.439943915040505236e-06
4.330438926500802983e-04
3.321382181987629144e-09
1.058645953895844125e-06
8.779437815888454510e-01
2.649428300858805511e-05
1.083177725817575515e-01
2.947248584721310279e-05
5.061914199090992701e-15
1.948185942806513749e-01
1.185179361893571783e-06
3.831617905870600711e-06
6.813375617710435740e-03
2.046606824014907469e-02
3.923079115458405312e-03
6.767474317746759187e-07
2.609125928664741468e-04
5.850334585845472397e-03
2.532329413058679868e-01
8.768809289924056616e-02
7.873452472336070831e-03
1.655805210372790492e-02
1.726424955046831911e-01
7.902912633807339382e-02
1.964284495466021574e-01
2.293105078663815512e-11
2.758715507534199431e-05
7.130857912943311871e-04
2.896212889248926344e-04
2.184542766978211370e-01
4.763460711762398048e-07
2.753165605800426963e-02
5.052037302636398775e-02
1.258538942500732616e-01
3.060322697112557219e-03
1.679421220512974586e-02
5.662105600159034191e-02
4.252575077300813078e-01
4.431005738060209836e-02
4.720088309296275458e-02
2.127717814724326901e-04
2.084181665600715883e-01
1.337506313808218757e-06
2.482473505326112349e-04
5.190526195817970478e-01
1.889504922184772522e-04
1.697431040648099783e-07
3.086272614390632163e-01
1.591634812302142321e-01
2.452256560286315487e-04
2.751985286659586749e-01
4.506581550819673820e-01
6.633680456998848618e-02
2.271696330645043560e-01
9.030653178380093984e-05
3.136053361870508293e-10
4.417294211354647060e-01
4.032467544549465099e-01
4.097669885886673358e-01
1.240199063429951315e-01
2.500725482059443228e-01
6.270672467862429265e-15
8.581181949360523753e-02
1.219842084764806850e-01
2.833525545211762172e-04
6.335106476235718467e-10
1.760883263982585267e-01
3.223837227430687014e-01
1.371759092916600142e-01
9.132382841796439499e-02
1.200135195966035573e-01
3.234975275176049946e-120
9.037243301467440137e-15
2.305997689489127419e-03
7.866029217040518273e-02
1.145425746696381031e-02
6.176210532516245022e-02
1.716691981093897478e-09
8.983834419739306321e-20
2.350015134277325668e-01
3.836023279499868523e-20
6.249976361637399640e-15
1.133045804491006198e-01
8.178359754894313818e-15
1.801034267796869698e-18
2.670480769271473265e-01
3.496317699184499639e-01
3.336402486725942862e-01
3.807874977978106638e-03
2.858694290173313668e-01
3.972444421978568729e-01
2.160706357652709131e-01
1.489008368126225890e-01
1.657105200193377259e-01
6.309075118589026199e-02
1.637216943667929026e-01
2.071846939926560213e-03
1.237089829937262769e-01
1.163545194579971992e-01
2.638427012254185994e-03
1.046589531659102151e-01
1.351786306586756240e-13
5.803172818662269855e-22
2.644007933539108124e-01
5.285540935528409978e-02
8.893489593360931478e-02
1.217723096455051440e-07
9.929753625459036837e-02
1.904846002402702643e-10
1.385877198782933242e-03
2.283640345789447132e-15
2.158817598270041382e-01
1.854701153754156757e-14
4.861118983732932129e-03
5.108508309256929477e-15
1.545377842341600361e-01
1.905742595818393503e-01
6.557185642275736859e-02
2.819163748871485187e-02
2.681997920915918512e-36
9.566860740186904771e-04
3.423854754966402236e-01
7.764945894453269517e-29
1.467238591680451502e-10
2.331311113260958327e-13
1.755105909618578583e-02
2.749841996250345931e-10
2.845495177407594847e-10
5.481623208090891097e-02
5.401414680861206519e-02
8.023508640180732066e-01
1.695257822893838231e-09
3.214906529630774945e-01
5.260487466463074973e-21
2.052197598339354421e-08
5.366386859477442553e-15
2.182993744908684353e-05
1.046494596780428304e-01
5.637370352548243386e-06
1.559126960167083187e-01
3.222645139389025521e-06
2.945118569893918625e-01
1.731262642152529563e-01
7.196645434285144439e-15
1.051408302911079056e-14
1.039336384021672397e-05
1.022374257223820140e-14
3.617378913868950496e-01
7.489609096841957796e-08
2.147092816718056407e-01
2.549313473267723261e-05
3.627198724476640712e-01
4.348672290210473963e-13
1.786588821990289256e-32
1.290930727837618086e-01
2.358935386314125471e-01
3.793838480463636132e-10
2.655506480824300075e-01
1.190053674465037098e-01
5.683058872068865730e-01
8.698447845607053516e-06
2.702827341634616576e-01
7.452612656597636565e-05
7.262720827072444152e-02
1.964633615258045958e-26
1.896424787451114480e-01
2.588036158810307352e-01
7.488967256085439506e-02
9.716124878034464608e-04
2.044249860070591011e-07
1.255400208223807490e-01
2.109153527697656960e-01
6.917819477453952800e-07
4.262342448618829217e-06
1.223806814899898593e-01
1.214540717535727080e-02
1.001254267586395436e-01
4.814113934299872675e-07
2.237311378731211553e-01
2.378657739603295407e-01
5.438790552455448719e-06
5.338688841691231282e-07
7.646835865268054866e-02
1.271528627510294788e-06
2.607117558281675240e-01
1.262442935262862165e-01
4.195663612096763739e-05
2.386403027048376174e-03
1.915814180618935088e-13
2.436087521949480952e-05
6.788246179556934878e-01
3.126508459263796502e-01
9.333326559068885753e-02
2.153037720323357070e-10
2.284726966271417047e-07
5.616110504368846734e-06
1.189952426543167710e-07
2.111259214809355309e-05
0.000000000000000000e+00
1.531994494100043193e-13
3.156789532447079605e-01
2.247903849652705740e-07
3.086850071506906379e-01
3.231087373607732279e-06
5.920171518330102656e-09
6.790287916357264043e-04
2.395180509425250527e-04
6.545480251946960149e-01
2.586942715233592760e-01
7.715395564270029839e-15
1.594459843626736539e-01
8.332896201565915803e-07
2.595124443462595487e-07
4.061194196271419332e-14
3.022834038131997915e-06
4.370682598667676035e-15
1.442295061240266570e-14
3.152341044690497585e-01
9.510594360351442081e-03
2.451797467344096714e-19
2.078459962031221064e-07
1.011257160287286627e-01
2.960164898559351744e-06
1.521532812024527503e-01
6.456127547714763655e-06
2.281957448656784073e-05
3.866304091954942677e-06
2.560584459067017222e-12
4.643031866531083654e-07
1.206820388394752308e-01
1.952016920289633597e-05
7.167643636677176055e-16
1.864995529143764486e-01
4.185844848924691886e-01
2.712769468107726159e-04
7.832268864447627733e-15
1.744613696353146393e-01
2.640774329612805287e-04
1.062910241303076863e-12
3.135584711564025383e-07
1.554874291103782554e-07
8.964352006826663776e-17
1.650114127448936949e-11
1.273537496829476364e-03
1.325035955003586643e-03
7.950510218814933229e-05
4.436983991109668071e-09
1.584706202205271194e-11
3.145777985282007232e-04
7.139086732648541823e-05
1.136737621000359078e-01
2.879689130805873281e-07
1.260624645642246304e-07
1.032026868005059064e-14
6.140863575039548408e-04
1.127660014041035191e-01
1.028589751380244444e-01
1.135389840422913049e-01
8.039397525710095457e-03
6.123714551101717279e-02
1.309695745437795267e-01
2.344768889501914685e-02
1.057188850019287666e-14
1.802400853654427260e-01
2.605859724551499123e-14
2.636341744392627345e-04
2.580278067549889673e-10
4.206195915097716599e-03
4.667931762614835334e-02
1.382202818450260495e-01
6.510580618654701439e-03
1.276353037430148319e-12
7.634204644545014053e-03
2.927347418355133262e-04
3.789876232029991757e-03
6.994669505527107597e-12
2.326861214521660995e-09
1.636554594213421865e-01
6.065563548680047408e-10
6.910392236485181708e-03
2.277193409882860686e-05
4.352135977910154274e-02
4.647870940967162023e-01
1.228982745940878893e-06
7.708457017185740996e-05
2.665841002520657034e-04
8.861708485705089065e-15
2.357391924122557436e-01
4.840854092781672765e-05
3.305834424321099295e-06
6.997660761196328052e-06
4.471832460270778326e-02
1.621004802828981747e-07
5.481609136781732255e-02
7.377133139000068285e-01
2.109663069958719883e-01
2.594132009665271700e-05
8.418698349267703107e-02
3.016660846492721873e-48
1.606231762414253583e-02
1.360207815952380528e-03
2.922343784680368523e-04
9.429162391224488444e-14
6.055101550640955510e-06
5.343196851617134507e-02
1.226302206845536423e-06
1.071786702261645077e-04
5.162902945506507857e-01
3.286693149875693498e-01
2.035405963706731214e-01
1.396195839843257036e-03
3.044241346281575205e-06
2.245695650580404625e-04
6.781457311238380248e-01
5.454251144427477685e-17
3.892289543361887039e-01
7.842686475420038161e-02
3.455176563777800894e-06
9.515888500799743466e-02
4.566830274133704473e-03
3.934614274226003099e-06
4.538762549320398139e-11
4.448467488233383976e-02
2.558814191172988917e-01
2.261004182621201853e-06
4.200194618668989799e-01
4.001568013331602280e-01
2.276562592789649342e-01
7.063032444139575282e-03
3.423582448460338878e-01
1.614841350153000399e-01
1.344738025836871576e-01
2.854682667692944875e-01
2.860072195472337930e-01
6.190306710755771665e-14
2.017406730927838107e-02
1.098330602441335542e-03
6.935213963229512613e-02
2.229579971727803736e-10
4.370111705699378474e-06
1.199288717487215355e-07
2.370127961199332556e-01
2.718968201357953585e-01
3.224051002161843482e-01
6.952210685433318145e-06
3.183829851601805946e-05
8.729693790173358859e-56
8.307644848428037687e-02
2.253848130568264774e-01
4.079150686713154197e-06
4.875178377270463631e-02
9.467422372066250369e-02
1.515061850753206526e-28
1.871721075500201487e-04
2.262627147197540101e-01
2.811674563684684537e-05
2.194624544287804291e-02
1.561982784293314275e-01
3.044548252518767054e-02
1.891753442243519819e-05
5.841433325841027657e-06
1.232634150118919712e-03
5.053436837832815105e-12
1.840462010787437958e-03
2.585741174773139584e-10
2.985338933660216989e-04
3.219528373635106942e-04
2.139240548288083923e-02
8.939945540913847696e-15
9.086974932281825844e-05
4.457699391147314509e-07
2.586430632359560395e-05
5.952391424503877121e-02
3.077537685232641373e-01
4.943861105019978219e-01
4.152664582858848442e-07
1.120634770771742779e-14
1.260443785356806891e-14
4.553061424230197413e-02
1.261486587211044303e-07
3.036812408985371844e-07
4.628460105236626432e-01
1.291652176552548527e-03
2.680981430483253460e-03
2.477069930428576236e-04
2.549129145467500801e-01
1.157889015385380740e-03
3.924667955195122460e-01
3.225270993226926916e-61
4.561894189053894812e-05
9.311744162163113070e-02
2.989443363590759128e-01
2.321228181396380795e-05
1.062580877670668463e-04
8.070230780372397711e-06
1.155821623146263041e-18
1.085419096676419512e-07
2.521614883053431740e-03
9.657963873475489765e-14
2.160174643666394872e-03
4.141443957605072668e-01
4.985715402036306476e-01
6.232129605750680327e-09
5.047901979517780298e-07
2.370465100847525194e-03
1.531774329051492470e-11
1.790990456725230090e-25
1.228923533983502201e-16
1.351707277642550665e-07
2.578074401791327375e-14
8.700969426359958861e-03
4.047378006738452383e-01
6.452499541458570596e-15
4.413541911721738826e-21
2.549445640289159467e-16
1.046361452204270287e-14
3.305162244625916662e-06
1.815209735310251427e-01
1.134067508175341732e-14
2.784590852838741997e-15
1.215221861474561981e-08
5.920517977299458962e-06
2.349965011698280093e-01
8.755020185415254190e-04
1.066126305322540903e-06
1.693402965941384366e-30
6.058487955604219892e-11
1.247611046147096716e-07
1.547051642437829492e-09
1.926034562027627754e-06
0.000000000000000000e+00
1.279911329487486819e-20
3.446891152478919444e-16
6.965428434075097985e-03
9.701537294834611247e-02
2.607505208141881470e-01
3.166052820490789118e-05
1.252864317423255858e-12
2.485121192590352053e-04
6.881291008967221901e-01
1.702637766132625297e-01
7.065360210105774141e-02
2.056142379578871915e-01
1.204568093004792367e-01
8.042130817053517327e-05
2.763168454052101347e-03
1.060821665130528754e-07
4.265171022086471433e-03
1.912924017583793879e-01
8.458784295151718091e-02
2.241014131374362284e-01
2.555937082672079530e-01
1.743122351074483101e-01
4.658592942979633209e-03
8.533995339617594846e-04
5.652899733325372766e-01
1.269000141003923665e-01
2.358596152857381759e-07
1.065515282696273269e-01
4.121280862585225081e-118
3.541457423841697094e-02
9.322609172912368902e-02
7.919293422847676264e-07
2.190533151921255596e-06
4.845297975341225638e-02
1.791223519627192200e-13
1.543911975297021807e-08
6.944439046900148933e-08
1.930756669985777066e-02
6.195839674327613791e-15
3.367752472243534982e-31
1.091066066435139339e-13
4.480792775601851396e-05
1.048878737997796425e-06
1.211087090963030600e-14
4.569255478640344738e-03
2.002357542938888475e-04
7.677973080732483225e-15
1.093480415396577352e-02
1.164917585628502688e-06
1.893341588416235026e-05
4.934718704057906857e-02
2.199792066356958398e-01
2.404602111510643843e-11
9.183801945409387761e-09
4.852556650892160387e-16
1.922798228324131831e-01
1.185973031963760416e-01
6.057167649551687960e-01
1.814356821966305600e-01
9.821614623023018631e-02
1.567431922329484972e-01
8.599871315560266016e-02
5.396613440555083491e-02
1.216957359018827862e-14
1.084514397229072724e-01
1.362476029903693375e-01
1.571061435747505008e-01
6.511965772016449130e-15
1.837996371306006294e-01
1.801560889415212280e-03
5.375118108872315448e-01
4.355019701195600619e-03
2.723115826932143331e-04
3.107609154369488872e-03
9.723808606611684611e-22
1.262038163456794955e-10
1.058374071507477698e-01
7.040592962092165305e-06
6.473389624875065806e-02
5.230964613395215916e-05
1.363192635779839198e-03
2.408991496178277403e-01
9.189957115088659640e-04
2.150692423265722353e-01
3.437772449838631911e-05
1.467877792706514471e-09
9.401480425515194514e-03
3.726440632767966665e-01
2.188162399640333853e-03
7.668630775837522569e-15
5.040899126046567702e-02
1.226246045021383570e-07
1.663860861894961574e-01
7.548818271944921598e-42
1.410948124847795266e-06
3.381883724200408434e-03
2.762398197559760648e-25
6.550877074985004267e-01
3.483967111594780432e-03
3.024203016088107022e-04
2.857619393320350865e-01
8.792086248626018383e-03
4.401214957932031603e-05
1.241222421229044642e-04
2.115143634812267914e-01
1.543897548429248867e-01
8.473540328183055276e-03
2.714767346226542449e-02
1.776151569229512117e-01
1.000811429190145287e-08
1.158512971521007545e-01
3.139494183915413072e-02
1.802551315358295325e-01
2.639909498900110396e-01
1.346939704684528728e-12
1.654615042281213809e-03
4.685133629417520020e-03
2.541222262542879463e-04
7.605858198445929023e-03
2.281929198151564509e-43
7.739233865322431294e-02
4.955377548540276802e-09
7.097069379392407579e-15
3.957366529549076750e-01
6.493200033305263899e-04
8.281770689735148266e-03
4.492891376875909892e-02
5.508973118707531647e-02
9.281604996700052184e-05
9.769502679985416771e-01
1.623196476232169616e-01
1.418248823459041241e-01
2.097076374250469392e-03
3.228405975104178816e-01
1.773644686520698122e-01
4.236389030239461317e-05
2.090476515012305403e-25
8.248312329063565025e-10
1.254439795654782863e-01
3.016653143020561756e-01
3.775813906096690678e-06
8.068883631399133662e-05
8.853127025629910218e-02
6.346952222802593191e-02
9.482516070643583206e-02
1.808201955169869146e-01
1.967623164122242752e-01
4.083775458735595942e-02
3.818356905842058743e-06
3.239011530291412535e-04
3.596997165608439669e-06
4.105079509311432821e-05
1.850555337464947214e-02
2.050174057645207886e-46
9.991921565614276786e-05
2.794683175024069628e-05
2.308778019242551105e-01
6.212586483640684518e-06
1.948720320098019931e-01
1.115352431035140081e-23
4.837696556492837513e-07
3.287636131944808193e-15
6.990213654717247577e-15
8.822148474932323126e-02
2.117442582787751688e-07
1.954274180748691303e-02
2.093884372850714454e-07
5.475509149052515401e-01
7.545379973934391096e-03
6.488955409399245478e-02
3.782236864436889223e-01
5.905476882647812120e-01
5.053870753813938244e-01
3.499917175446251028e-01
3.513938182695897777e-03
2.767582920115850276e-01
2.825224994789436450e-01
2.520246934002413064e-01
3.015620051406846309e-07
1.162439017363563415e-03
8.739744615746385548e-05
4.421218096700039394e-05
2.908154736884748241e-04
2.837648374151052061e-03
9.733159448857447663e-15
3.568661759054095496e-18
3.847910465386065578e-29
3.594944245023772023e-02
2.711807255051236765e-01
1.656645964105543933e-01
3.790984264172121421e-01
2.696329719222728501e-05
3.841018530418662373e-06
2.806866762198438267e-02
1.804428914113705706e-01
5.867383870435895736e-15
1.167687552176577617e-03
2.209147119553406813e-01
6.723650187789978472e-02
1.522613439725670977e-10
3.211263440858890824e-05
3.717872211901842028e-01
2.368918984435020858e-01
3.615904869813611477e-01
1.365123941819224587e-13
2.297419076397607080e-09
1.184408163011337577e-03
4.734443366602595904e-01
1.812825941512858918e-01
1.847983683606257976e-01
3.112978212642552034e-01
8.564103498484047436e-03
9.586256791377231510e-15
8.482395011646426912e-15
2.094669819669356219e-03
4.279828071560818348e-01
1.632487557770971355e-07
3.368925469269337950e-11
1.710673491460560628e-07
6.479299905140989413e-02
9.254798958804399955e-02
2.596736228063854898e-04
1.466207253961153712e-09
2.289136202957095870e-02
1.845161680881289568e-01
1.368143458140268498e-01
3.999961932121040738e-03
2.470430548566249945e-07
1.990164764945375475e-01
7.865098086280664308e-04
1.583310700142533469e-07
3.240536714035761436e-06
1.976940009377918181e-02
3.291125686675536177e-01
2.570891141937630131e-01
6.054293475804782554e-02
1.322504474576341782e-09
2.676409422156947882e-01
1.284632988957839783e-01
1.177619777530616581e-07
1.463680680920053101e-01
2.875492874081287537e-02
4.747718772181105940e-02
2.035520146764037912e-07
2.419216357241657234e-01
2.812297766230998364e-01
2.950867667259178817e-01
9.418728097847639304e-07
3.250904307334543941e-01
4.358331894711303667e-02
3.551011983673152406e-01
8.846903121053084629e-02
2.958343379832342190e-01
3.827183618413608490e-02
1.252882745799564213e-01
3.649498141307133704e-24
2.067193815453115258e-01
2.124217003822003735e-01
1.436343943075049645e-01
3.624427608463451710e-06
1.277002602442332650e-02
7.726555077645395832e-05
