0.000000000000000000E+00 -1.920000000000000000E+01 6.800000000000000000E+00
2.900607289997860000E+02 -1.240000000000000000E+01 7.800000000000000000E+00
5.543518429999240000E+02 3.2000000000000000000E+01 1.200000000000000000E+01
5.802438079998830000E+02 6.0000000000000000000E+00 1.300000000000000000E+01
6.421263199998070000E+02 -1.190000000000000000E+01 7.200000000000000000E+00
6.949663779996340000E+02 6.4000000000000000000E+00 8.500000000000000000E+00
6.959945259997620000E+02 -5.700000000000000000E+00 6.200000000000000000E+00
8.523726619998920000E+02 3.6400000000000000000E+01 8.000000000000000000E+00
9.123178240000270000E+02 3.4500000000000000000E+01 7.300000000000000000E+00
9.143054519998840000E+02 3.7000000000000000000E+01 1.100000000000000000E+01
9.363111809999680000E+02 4.2000000000000000000E+00 8.000000000000000000E+00
9.372954519996420000E+02 1.1100000000000000000E+01 6.700000000000000000E+00
9.971020029997450000E+02 -9.400000000000000000E+00 9.100000000000000000E+00
1.025105578999970000E+03 -3.300000000000000000E+01 1.100000000000000000E+01
1.025966261999680000E+03 -4.000000000000000000E+00 1.500000000000000000E+01
1.087982002999630000E+03 6.5000000000000000000E+00 8.500000000000000000E+00
1.230337227999700000E+03 3.1900000000000000000E+01 7.200000000000000000E+00
1.261309595000000000E+03 1.7700000000000000000E+01 6.900000000000000000E+00
1.262328842999880000E+03 2.3000000000000000000E+00 7.200000000000000000E+00
1.296264235999900000E+03 -1.180000000000000000E+01 7.900000000000000000E+00
1.297195833999660000E+03 -3.100000000000000000E+00 7.900000000000000000E+00
1.299284629999660000E+03 -2.670000000000000000E+01 7.600000000000000000E+00
1.320252546999600000E+03 -2.090000000000000000E+01 6.600000000000000000E+00
1.321119849999900000E+03 -1.410000000000000000E+01 8.400000000000000000E+00
1.323196159000040000E+03 -2.850000000000000000E+01 6.500000000000000000E+00
1.356141261999960000E+03 -1.410000000000000000E+01 5.800000000000000000E+00
1.357077245999590000E+03 -1.680000000000000000E+01 6.100000000000000000E+00
1.358061198999640000E+03 -3.040000000000000000E+01 5.800000000000000000E+00
1.359044561999850000E+03 -2.090000000000000000E+01 5.500000000000000000E+00
1.592371053999760000E+03 7.1000000000000000000E+00 6.100000000000000000E+00
1.594378877999730000E+03 -9.700000000000000000E+00 6.500000000000000000E+00
1.625362164999820000E+03 -3.040000000000000000E+01 6.900000000000000000E+00
1.646289224999960000E+03 -2.360000000000000000E+01 6.700000000000000000E+00
1.680139733999970000E+03 -1.820000000000000000E+01 6.300000000000000000E+00
1.823957165000030000E+03 3.7000000000000000000E+00 9.100000000000000000E+00
1.953368506999690000E+03 -1.350000000000000000E+01 6.500000000000000000E+00
2.026279422999830000E+03 -2.320000000000000000E+01 4.700000000000000000E+00
2.030347627999730000E+03 -3.000000000000000000E+01 1.000000000000000000E+01
2.115080925999670000E+03 -2.670000000000000000E+01 7.400000000000000000E+00
2.177019247999880000E+03 -1.220000000000000000E+01 7.900000000000000000E+00
2.210995381999760000E+03 2.0800000000000000000E+01 9.200000000000000000E+00
2.211950103999580000E+03 1.1300000000000000000E+01 9.000000000000000000E+00
2.384319796999920000E+03 -5.660000000000000000E+01 4.600000000000000000E+00
2.412324143999720000E+03 -4.940000000000000000E+01 7.300000000000000000E+00
2.413268044000030000E+03 -5.700000000000000000E+01 7.500000000000000000E+00
2.415135359999720000E+03 -5.150000000000000000E+01 5.400000000000000000E+00
2.450178958999920000E+03 -5.240000000000000000E+01 7.100000000000000000E+00
2.678375117999970000E+03 -4.460000000000000000E+01 3.800000000000000000E+00
2.685372523000000000E+03 -5.010000000000000000E+01 4.200000000000000000E+00
2.739343045999760000E+03 -6.850000000000000000E+01 3.600000000000000000E+00
2.745261704999950000E+03 -5.970000000000000000E+01 3.000000000000000000E+00
2.748316143000030000E+03 -5.590000000000000000E+01 3.200000000000000000E+00
2.801237948999740000E+03 -9.230000000000000000E+01 3.600000000000000000E+00
