# level assignment, log likelihood, tiebreaker, ID.
2 -281.818058506 0.718371393372 10
3 -263.838702332 0.922081909007 9
2 -296.911522149 0.492395736035 6
0 -410.74097366 0.216286712037 5
5 -261.275046051 0.733896403261 11
0 -360.114042565 0.943770512987 5
4 -268.586224527 0.532135935539 5
8 -253.412287928 0.667713682285 3
1 -329.670512404 0.535942921615 9
7 -254.553389779 0.103207634609 9
9 -252.920705504 0.255846501698 2
11 -243.623966789 0.921474735418 4
11 -249.466808518 0.411076232491 6
12 -245.775050297 0.330753345537 9
2 -288.657568484 0.325933886034 7
10 -247.907362601 0.809545753718 11
15 -237.68636254 0.0991812182507 8
12 -245.55200343 0.610556755007 0
4 -266.955576565 0.199548292443 11
16 -233.943365856 0.603729499513 9
14 -238.144785663 0.298302014593 10
17 -232.711748828 0.3492263706 9
10 -252.106319324 0.464501174619 6
0 -712.221767805 0.893594584942 2
16 -228.636811027 0.133039451473 4
9 -252.573838717 0.471398954572 10
17 -233.102005943 0.686375385808 3
11 -248.175184974 0.745371499162 7
18 -229.571669044 0.208517557038 7
23 -213.642065191 0.808673314094 5
13 -242.801794923 0.672216389393 8
22 -218.554367558 0.487855891617 1
22 -216.178317387 0.816852564318 9
20 -224.007784699 0.137173068211 8
15 -233.136226387 0.950593102592 9
26 -207.842922228 0.472892805688 0
11 -248.845549136 0.820021194391 8
26 -206.226589993 0.855076810108 4
22 -216.06080112 0.164285928419 11
24 -207.535833664 0.714536895831 0
28 -204.092360583 0.504984379593 3
29 -201.546393125 0.68357540552 7
30 -200.982878502 0.261650875333 6
21 -220.463204117 0.669642723337 0
24 -212.562532157 0.364486848631 9
29 -201.969651962 0.911414530447 3
5 -265.090008133 0.590737127134 8
31 -200.772404144 0.456684019683 1
32 -199.317169067 0.486165621268 4
26 -207.411274262 0.720864741339 8
31 -199.583726503 0.211237721807 3
33 -198.325127784 0.940697709454 8
30 -200.710294029 0.835606277149 10
29 -203.052456485 0.113114131642 9
23 -214.764003878 0.873547019668 2
25 -209.524855977 0.252995198404 10
28 -202.199443687 0.706819703157 11
36 -191.731710998 0.0697882639032 1
33 -196.866352336 0.969569870895 1
30 -201.30962447 0.28965822866 3
28 -202.589816877 0.162875524726 5
33 -198.250210231 0.373581836866 0
38 -192.759347188 0.0917200800757 7
33 -197.756611118 0.161864393063 9
39 -191.424720747 0.857186646645 0
14 -237.624567309 0.128670865243 10
9 -249.295886658 0.613876097141 2
14 -239.69087278 0.73940055599 10
36 -195.241109952 0.162659182498 8
42 -188.745543739 0.407778838549 6
27 -204.880239985 0.209055991733 5
32 -199.135401239 0.577478683733 7
23 -213.630992325 0.663750254694 10
36 -195.361305203 0.166579493889 8
39 -192.05945392 0.796100385478 7
31 -199.323483112 0.653633557891 3
33 -198.541232725 0.715100385981 4
28 -202.50384896 0.362683109897 11
42 -188.787355132 0.275960372167 1
3 -262.463847508 0.161190090979 4
38 -192.638553442 0.57635342846 11
46 -182.891796383 0.911506424102 0
44 -186.376545806 0.832747607181 2
39 -191.826496155 0.679893911798 2
37 -194.552743311 0.499578054657 6
48 -180.708025473 0.112929283808 4
43 -186.952138611 0.917827873305 6
32 -199.27783461 0.160468917097 3
40 -189.655610152 0.133187728555 0
21 -221.895322523 0.890701443998 8
26 -206.514765547 0.729631792034 3
42 -188.368321995 0.532755811743 11
47 -180.226025302 0.956262640301 5
45 -182.760260008 0.939998600982 4
34 -197.584648161 0.981817409732 3
49 -180.694766061 0.948875227617 2
45 -185.389639656 0.892097300521 9
43 -186.674144161 0.45921487926 5
26 -207.669513554 0.251086168381 10
44 -186.681889097 0.0363430651612 5
42 -188.213805529 0.495734639275 5
49 -181.140397617 0.578190278674 0
42 -189.218085934 0.200850875875 0
44 -185.185567495 0.254501158062 6
44 -185.937029793 0.997665676 4
55 -175.927169959 0.432454489427 9
48 -182.155233841 0.900276729761 1
44 -182.089890704 0.478825655111 6
42 -188.332509821 0.537071707937 6
45 -184.279889725 0.53552242414 7
46 -183.707437843 0.613144098626 3
44 -186.49010585 0.878505951422 5
40 -191.037063733 0.842067020277 8
48 -182.112851523 0.456556973177 6
41 -186.887096154 0.136152687646 5
38 -186.922367549 0.0305894962836 9
58 -173.857740118 0.156141486812 11
45 -184.34455308 0.600245942545 10
58 -173.605479691 0.303772546718 4
36 -194.283511429 0.383824043878 7
48 -182.001729432 0.692728474976 5
43 -187.560877116 0.266013810759 7
52 -178.595072765 0.915153164405 1
59 -173.482929153 0.595685525291 0
42 -187.857068216 0.261778904787 7
48 -181.186886785 0.65190002876 10
57 -174.124553666 0.965630531053 1
58 -173.644193196 0.389309788768 8
61 -172.106078722 0.311281248836 11
62 -171.652873942 0.700694725854 6
57 -174.386151823 0.754288757528 11
59 -172.498117681 0.876237218447 8
56 -173.76683748 0.914329879389 7
45 -184.921357129 0.650320372475 1
54 -175.344428743 0.904577705154 8
64 -170.061396057 0.80342713086 4
64 -170.692904864 0.744488229774 7
60 -173.099093385 0.222639460269 2
39 -190.049899597 0.725678947126 10
47 -183.063302247 0.629335215062 9
62 -171.314135368 0.279452304668 4
35 -195.872186634 0.0356740005461 10
60 -172.792521488 0.313904875178 8
38 -193.333708528 0.0152726371414 0
49 -180.041297225 0.949313104638 9
61 -170.807241609 0.295591062677 4
67 -169.605655086 0.768495292346 7
61 -172.545681565 0.235230107378 8
40 -190.88807188 0.649877401146 10
70 -167.48778534 0.901428591444 3
65 -170.695226889 0.0601554056662 5
72 -167.068962007 0.411440013319 1
37 -193.844315071 0.179450623517 2
69 -166.250233509 0.615145496166 1
66 -169.629920317 0.815358390638 8
35 -195.317834998 0.47181710833 2
38 -192.231228984 0.258979666729 2
57 -174.186709762 0.319695981072 8
58 -173.349872087 0.460715477443 5
68 -168.844192755 0.257139243811 6
55 -175.405235774 0.36474432331 0
72 -167.271532207 0.541573990307 9
69 -168.583883186 0.468844113591 9
65 -170.035768259 0.57710351216 5
68 -168.824300117 0.0632442142654 3
59 -173.698862619 0.544891441571 5
68 -168.731850171 0.270359465768 9
65 -170.70850554 0.385825003622 5
62 -171.912379498 0.890897131816 0
68 -169.169767603 0.579724830415 7
74 -166.337544512 0.548934091764 7
69 -168.606516814 0.887487419176 7
76 -165.556646408 0.367310756256 3
58 -173.102673766 0.970161045866 10
64 -169.580651469 0.597935909023 7
63 -170.195638726 0.698725519914 5
74 -166.259485741 0.319115380826 3
76 -165.420658716 0.925735364297 3
57 -174.71793435 0.456421971427 7
32 -195.511826624 0.795186554391 2
80 -164.512305553 0.260910252413 4
35 -196.716526864 0.344714001066 2
77 -164.545959857 0.464011707368 1
79 -164.510189463 0.456931826236 5
79 -164.715457582 0.00380694077189 1
79 -164.544649119 0.927149977837 2
74 -166.11757239 0.783672841013 3
78 -165.120253326 0.964476289569 0
81 -164.052456208 0.30404931112 0
67 -168.690452673 0.390569587611 3
60 -172.913603633 0.272145016819 7
56 -175.213747261 0.858502558448 7
77 -164.398013396 0.973084737807 2
74 -165.757661239 0.935683898772 4
73 -166.700550495 0.327345777195 1
82 -163.830648328 0.484531051366 1
83 -163.613040459 0.490388287121 5
83 -163.609845378 0.689218348869 5
86 -162.58852838 0.0954815724396 8
83 -163.146707523 0.110443147803 10
88 -160.969368054 0.386773345342 5
68 -168.605941916 0.522281257155 2
86 -162.656171709 0.182117212353 3
89 -161.749436275 0.385529858097 8
85 -162.596628863 0.223541139907 0
89 -161.562369514 0.715266616083 5
89 -161.448775217 0.978675931567 11
83 -163.491874532 0.63458198778 10
82 -163.845550499 0.735653778274 6
81 -163.644642324 0.148565946974 10
77 -165.306892081 0.51267032765 3
81 -164.079767141 0.391165160818 10
84 -162.898682196 0.308615748659 8
78 -164.699838532 0.595844014955 6
70 -166.824964958 0.598723520451 3
64 -169.711798466 0.563495706164 4
30 -201.82846046 0.371758391918 2
40 -186.07515045 0.481871678292 5
38 -192.245658789 0.33470454983 3
49 -181.063612224 0.641462738474 5
42 -187.97018511 0.578363634004 10
18 -225.612067951 0.351676140187 2
19 -223.729513216 0.594769410839 6
13 -243.219069233 0.362147757447 2
65 -169.827888015 0.125107118052 4
6 -257.303703601 0.371051146647 3
21 -219.175571421 0.229536790369 2
26 -206.301401774 0.524324595177 6
21 -218.230366383 0.775229266759 0
6 -255.038652612 0.624550638477 7
44 -185.313334006 0.924068167561 4
28 -198.175682244 0.542839731604 11
33 -198.641099158 0.0642881638523 8
23 -214.276745639 0.0941024049477 1
3 -275.030234108 0.0348537150864 3
37 -194.612890944 0.209075659477 10
21 -221.306582837 0.311586117496 4
16 -233.895009982 0.026783568303 6
1 -367.729942374 0.365130290646 6
37 -192.449609499 0.385586360779 10
77 -165.32488704 0.463897725105 9
25 -210.077284622 0.52040807891 7
27 -205.687244325 0.489221331735 3
68 -168.939941603 0.651767598718 9
70 -168.285579417 0.901240125659 9
64 -171.054915634 0.469088166925 9
35 -195.818776063 0.14009695817 1
22 -216.461900847 0.845024517787 5
44 -186.599938213 0.507173948844 8
15 -233.14864225 0.394410917067 3
66 -170.137342635 0.901345296483 9
80 -164.160742475 0.472057456865 0
50 -179.251237428 0.695936255049 6
25 -208.587130393 0.221824003189 10
52 -178.795161216 0.744589575427 8
79 -164.493847669 0.78054571484 4
78 -165.039746168 0.763544904705 0
55 -175.994843225 0.517456651993 8
14 -237.019903211 0.462872155521 1
45 -184.322532868 0.1326202105 8
49 -180.38620647 0.469430399782 6
42 -187.919758394 0.192766068598 8
38 -193.342657948 0.475846480241 8
4 -268.838352324 0.601297529313 1
4 -270.940734867 0.989717451372 5
72 -167.264118429 0.403290944244 10
1 -372.340549222 0.619210267382 5
44 -186.129705553 0.868341040497 11
65 -170.603149082 0.841715171158 6
32 -196.834955319 0.52757523154 2
65 -169.715580866 0.350525423201 1
20 -221.857481283 0.744312104747 5
34 -197.595072097 0.572129282208 8
77 -165.024940521 0.393825491386 10
15 -236.822957277 0.464072692472 2
1 -347.39075117 0.255808588975 2
78 -164.905757271 0.930806396183 4
71 -167.585258214 0.675246845262 6
88 -161.896869514 0.894734706559 9
8 -253.532623953 0.361320983266 11
15 -234.991133969 0.898172637803 11
45 -185.226342688 0.675568442174 1
34 -197.423012682 0.624389607555 8
54 -176.98746125 0.78400439072 6
73 -166.331152113 0.709831807122 0
74 -164.706369814 0.4269840965 10
20 -220.138212423 0.598974364474 8
43 -187.588961929 0.486129173319 7
27 -205.983898736 0.728185217742 8
47 -182.864555798 0.954717166314 5
56 -174.814625053 0.194355427161 5
60 -172.991311116 0.704103875704 5
14 -234.244212637 0.760577927749 11
67 -169.568093054 0.0382272549504 10
56 -174.925531791 0.926961731889 5
6 -253.854831572 0.191762448518 8
35 -195.207776063 0.23041477447 7
53 -177.877571166 0.206832613255 6
41 -190.37307343 0.908147186371 7
39 -191.809604471 0.503017883618 1
43 -187.263601241 0.467488269152 7
16 -235.448367249 0.189294971582 8
38 -191.355167632 0.231961632086 7
46 -183.927542429 0.250976901104 5
50 -180.196211906 0.85322720801 1
1 -281.858180831 0.655769461079 11
66 -170.116747719 0.145581497554 10
34 -196.870860427 0.0460268197859 0
70 -167.767714057 0.844486289177 10
11 -248.512102881 0.708791577575 3
1 -350.171211769 0.377087985559 7
55 -176.135174661 0.6208243329 10
76 -165.100702033 0.974459436775 2
36 -195.331524531 0.67067795691 6
20 -222.54306159 0.426152154634 11
41 -188.072918295 0.638073811803 0
69 -168.551646144 0.759488619042 2
40 -190.852281314 0.803559382475 5
75 -165.733106049 0.836209295696 4
54 -175.785117593 0.661166081653 1
37 -193.775336304 0.270046482857 0
6 -257.359690326 0.0436223634345 11
31 -198.424162294 0.308401968225 0
24 -211.776950561 0.434750774946 3
48 -182.266631111 0.864960441831 1
49 -180.495664403 0.627615349772 8
33 -196.866078712 0.889354778167 5
64 -170.777315297 0.552010374911 2
49 -179.738164003 0.597562959658 8
70 -166.506876008 0.932221782051 4
43 -186.473221704 0.14433290483 7
78 -164.704224017 0.604786480504 4
70 -168.211959589 0.727990222074 10
34 -197.701755153 0.112156687906 7
54 -175.951890424 0.851106942769 10
79 -164.736501098 0.0343340608205 4
23 -213.935910908 0.626329088747 5
4 -272.745270785 0.719137274214 11
69 -167.313639457 0.141683945056 4
31 -200.072998028 0.854687115405 8
43 -186.993551728 0.497753961854 8
14 -238.885896455 0.0766030763344 7
2 -270.467336474 0.239354754352 11
75 -166.001187118 0.0560013773112 0
60 -172.970990814 0.576510060562 8
19 -221.772522169 0.445554624478 3
67 -169.54972885 0.98746494845 4
54 -176.019837771 0.387810865044 1
76 -165.66587481 0.495024270562 0
89 -161.886961964 0.859342987698 9
40 -190.777171904 0.279987550864 1
3 -281.678290266 0.961937932975 7
35 -196.067093425 0.96264140692 6
72 -166.73666632 0.750475328695 4
62 -171.37523356 0.764110003169 4
15 -235.08869206 0.568034240937 6
0 -343.105161189 0.447275402994 11
14 -239.639096177 0.125485841062 6
39 -191.498637938 0.0637433865476 10
58 -174.15054648 0.1197296281 4
83 -163.514598333 0.888656428499 0
85 -162.838176794 0.622333232612 9
4 -268.648086837 0.314454198782 2
36 -195.202441333 0.805897983267 10
42 -188.485134515 0.185772658447 3
8 -252.85128234 0.458519636458 11
70 -168.2825031 0.195225455992 0
72 -166.963879739 0.0565423448077 0
53 -177.627471603 0.384285493279 8
18 -230.825779418 0.0823553283173 1
49 -180.38663694 0.389601928887 7
28 -203.31853678 0.271394413952 2
57 -173.781571882 0.663254302412 4
7 -255.073913821 0.826640048943 6
81 -164.129002537 0.506513719689 0
21 -218.177222998 0.482624361483 2
33 -198.203955362 0.312307805714 10
55 -176.082140504 0.437290526025 8
56 -175.569529379 0.101542157814 8
46 -182.051808373 0.0442812334471 8
62 -170.131156201 0.619512343538 4
10 -251.986118205 0.798777111448 7
64 -170.763033655 0.273467071666 4
51 -179.301532854 0.971996103026 8
8 -253.636381531 0.668870688298 6
34 -196.514240651 0.113613457132 2
74 -165.271026605 0.807883062119 4
84 -163.303812655 0.0780804233662 0
64 -170.985180364 0.34947239989 3
72 -165.928827079 0.922411615909 0
13 -234.724974289 0.16742809936 7
42 -188.979281434 0.779358388263 1
35 -194.662672347 0.599749312318 11
18 -230.234440798 0.943554073656 10
76 -165.612037639 0.337625148308 0
82 -163.840336367 0.238339444723 0
4 -272.899022618 0.258569233546 6
32 -198.243796583 0.217527540613 10
1 -348.093911392 0.401695323103 8
60 -173.200486167 0.27859998025 3
24 -209.609601119 0.714739848081 6
72 -167.273885052 0.348184077793 9
4 -264.506613802 0.156173739287 2
82 -163.185809053 0.321246604555 5
58 -174.107383489 0.480328681768 4
10 -246.932309742 0.719796664232 6
58 -173.838420879 0.482570270398 3
39 -191.94613644 0.71994524834 11
62 -170.84004809 0.173256607612 4
77 -165.12694684 0.159870873506 9
16 -231.61220441 0.287104166286 6
69 -168.013346177 0.839982175337 9
6 -258.875127421 0.423560782409 6
83 -163.642195455 0.288769113841 4
9 -253.015995312 0.697498801484 8
53 -177.932011662 0.43766480823 7
2 -270.013564601 0.19906167902 1
85 -162.822852647 0.127389552881 4
80 -162.594970652 0.622173018737 5
13 -240.985579918 0.301376669802 2
41 -187.559755309 0.865445830642 7
4 -271.087294915 0.533109273626 6
76 -165.287101037 0.280330993054 0
50 -180.140008494 0.750989492268 3
2 -298.418844127 0.0441816280255 2
88 -161.933386559 0.191141239834 5
61 -172.296433348 0.469613601 4
75 -166.019905533 0.258895997443 0
51 -178.687823773 0.689356059086 4
80 -164.072402444 0.00774372762161 0
49 -181.075291759 0.93043579233 1
31 -198.772554003 0.979109470789 9
50 -180.39357609 0.899069583476 4
40 -190.545934394 0.686106320929 6
51 -178.613826228 0.477036979255 11
22 -213.08190832 0.597591707565 10
33 -197.547996515 0.667757251734 4
81 -164.1517697 0.867726750639 0
23 -214.558221118 0.957467796992 10
24 -209.74451393 0.851437569816 1
85 -162.896957462 0.976824317873 0
8 -253.326191804 0.357564624227 10
57 -174.10651485 0.852638724355 3
68 -168.817242415 0.18311296194 3
66 -170.167003759 0.77999919558 6
81 -163.802762663 0.075921155834 0
81 -164.180644299 0.396511789603 0
40 -191.274897967 0.0865122165524 2
9 -252.805111691 0.902314267921 1
11 -243.091585339 0.817695739918 1
62 -171.940520969 0.20655585186 11
48 -182.315843442 0.81949153369 3
23 -214.659441252 0.00591688073224 1
75 -165.91683678 0.356668838446 7
10 -250.807203464 0.247705365003 4
63 -171.43919285 0.414813067638 11
9 -252.331320852 0.504937009774 4
68 -169.041629741 0.220458969291 7
67 -169.292892983 0.0929646910845 0
73 -166.438566114 0.0275986441745 7
15 -237.148410235 0.879830820845 10
78 -164.281428805 0.362649674839 7
26 -204.454776023 0.810587533638 9
32 -199.260724534 0.782655055715 6
28 -202.570172529 0.69714578989 8
72 -166.702728827 0.741961571553 0
29 -202.732610944 0.0575188371947 2
18 -230.643689329 0.49242265107 1
32 -199.689099369 0.169329947421 8
61 -172.292973735 0.734287750396 11
12 -233.791436973 0.804685245485 1
55 -176.184731097 0.845524855001 11
5 -263.456026771 0.609300288318 1
65 -170.549917262 0.966868923914 5
50 -179.86539779 0.145996460867 3
51 -179.356249147 0.541451496626 4
43 -188.103745719 0.200000561662 3
65 -170.024340952 0.573875156043 0
63 -171.135469649 0.962879711283 5
49 -179.134262494 0.245533705144 3
0 -936.630502394 0.969576074097 1
88 -161.75921935 0.110744541953 7
38 -192.948079538 0.76569659944 4
58 -173.840356763 0.222459978091 11
20 -224.878401848 0.600046603794 4
36 -191.262559948 0.0648575037027 6
7 -253.528879155 0.885799577146 1
12 -242.809844346 0.817519561866 2
28 -203.801999651 0.646917568096 4
45 -184.480354958 0.549629891722 3
38 -193.229887161 0.0308770825722 6
88 -162.004812434 0.894422135894 7
42 -189.164289384 0.796827747203 2
79 -164.393039815 0.229757357805 0
73 -166.18832155 0.829488245069 5
55 -175.186024499 0.196141326642 6
3 -266.599919496 0.994437626727 9
39 -191.937570524 0.30225079377 3
33 -195.994493039 0.546351454816 3
26 -206.928803874 0.0764633803403 3
83 -163.44299324 0.325337062503 5
33 -195.225886201 0.507826121175 8
19 -224.604590464 0.802846430233 9
68 -168.328625552 0.444963702783 10
36 -193.36589694 0.649270717782 6
68 -168.30820248 0.659463466199 10
81 -164.096793248 0.745332052462 5
7 -255.649690193 0.549793466079 9
77 -165.072537614 0.223508298163 0
13 -242.48215398 0.993634892372 1
7 -253.214226898 0.67601966793 2
86 -162.533603497 0.407012959405 7
26 -207.990736051 0.0926994991803 3
30 -200.723975974 0.700976283885 2
43 -187.450922005 0.156492273913 10
16 -234.495775772 0.112901671178 6
86 -162.10058585 0.698033468785 5
29 -201.81147907 0.487679010744 4
69 -167.236311699 0.447420633894 0
5 -260.190538346 0.644014744079 6
72 -166.507408316 0.309224506508 0
30 -201.051200769 0.302852873727 4
73 -166.22282574 0.0144339070249 11
64 -171.225829932 0.175611604331 10
15 -235.938843502 0.532136156014 9
27 -204.869670374 0.323144184884 9
61 -172.640922854 0.573683845113 0
60 -172.214182494 0.595473305338 11
2 -274.911030611 0.830696549095 6
45 -185.482680765 0.202904608302 8
64 -170.559906951 0.421823231248 10
81 -164.194524123 0.24945094495 7
59 -173.697384242 0.615165577342 10
59 -173.504302581 0.474229926049 10
12 -246.771979128 0.583046959947 9
56 -174.58266079 0.0433162318397 10
70 -168.250568061 0.408835331817 11
39 -191.979036083 0.553560880188 4
84 -162.574882796 0.765114337812 0
53 -177.584743459 0.830356091758 4
34 -196.899742452 0.612363749552 9
59 -172.698867283 0.425281246786 11
53 -177.370190742 0.653963566187 9
49 -179.813021964 0.714736516047 8
50 -179.013086626 0.476430958242 9
68 -168.888508544 0.37379310108 11
59 -173.316808767 0.921208276664 11
62 -172.077547083 0.547910715125 5
30 -201.687082279 0.434853998448 2
27 -205.47042282 0.200844300863 10
43 -188.044358978 0.461616582978 4
28 -204.304901114 0.767476679458 2
36 -195.333514706 0.269144006447 9
24 -208.714504026 0.496980201045 2
56 -175.454334359 0.044027344103 11
4 -262.564452585 0.809136457288 3
9 -252.763542773 0.14453520878 6
47 -183.101614815 0.627970673588 8
67 -169.450820087 0.61143588464 11
16 -233.024866488 0.479903445772 9
26 -207.025949319 0.589787913271 3
21 -221.463350336 0.0173321718303 4
54 -175.504762863 0.0859543388999 5
7 -255.280511149 0.916199186385 6
28 -204.485385353 0.895519828335 2
17 -232.157975405 0.609366050201 1
66 -170.098409355 0.399262804074 5
85 -162.910165119 0.501467381576 11
86 -162.456746677 0.091711899249 11
21 -209.062404733 0.394113129216 3
17 -230.082865086 0.814372700281 9
76 -165.683572455 0.121207127625 11
27 -203.692590723 0.0285103245267 6
85 -162.727451547 0.0110106415532 0
42 -188.93486079 0.702685569455 2
11 -247.284517823 0.887007434601 1
38 -193.595360569 0.159914478956 9
83 -163.476778834 0.744743265607 11
7 -254.046555675 0.32617612438 6
83 -163.391809965 0.590506747804 8
79 -164.283002976 0.0228824913212 0
5 -255.893895624 0.621013790973 3
1 -369.335305323 0.423600305223 4
10 -244.744131581 0.138015456702 6
89 -161.890697652 0.198983574123 0
22 -214.936459292 0.183231386792 4
57 -174.435515827 0.91896729244 7
13 -237.585059366 0.637807822697 6
28 -203.238220229 0.89762360984 4
65 -170.263583589 0.881313111692 3
7 -254.292290292 0.867621449879 6
62 -171.969367633 0.295044789943 3
62 -171.878813834 0.028678768924 5
81 -164.219761075 0.155327514588 11
73 -166.764112585 0.952902092314 0
51 -177.660848385 0.654066733354 8
18 -229.964003185 0.770114283815 2
25 -207.846369412 0.556530558102 4
67 -169.575858189 0.276070291491 7
41 -189.538577177 0.343242529294 9
7 -255.387731725 0.123556446629 2
78 -164.984934669 0.978753474321 11
71 -167.82998642 0.136756215311 3
75 -165.875470774 0.123089825603 5
80 -163.784417888 0.373427790168 0
17 -232.212213075 0.243512381629 4
14 -240.311799376 0.688211228268 9
39 -192.417659294 0.450184078268 10
73 -166.79771985 0.897375543006 11
45 -185.36227654 0.559532453884 8
31 -200.784920659 0.961033877394 4
84 -162.883379829 0.0191953227464 3
72 -165.589663697 0.655949767023 0
29 -203.056088297 0.715538706221 4
62 -172.145068333 0.189670329785 7
12 -242.816641591 0.739968338872 10
74 -166.12744501 0.11769575027 6
85 -162.584295354 0.517365538393 11
85 -162.86262845 0.782588997547 11
75 -165.827822114 0.818164692315 3
84 -163.164327988 0.257103734304 3
29 -200.123435478 0.0547819862637 10
35 -195.098372185 0.0273917948712 1
53 -176.767827135 0.207077553513 7
37 -193.622034476 0.758011583103 2
37 -182.319451341 0.69288254283 1
22 -213.445271791 0.486906121793 2
38 -193.540820859 0.719097006334 10
48 -180.444078689 0.550786306699 4
86 -162.289702164 0.53997125694 3
87 -162.362815561 0.775815411017 3
59 -173.219466551 0.329557530924 4
75 -165.591283274 0.269717838558 3
62 -171.571780259 0.508644960648 6
15 -234.363173275 0.68300731945 2
27 -203.122464561 0.197920358059 9
30 -201.275401256 0.108577065893 9
39 -191.344247182 0.0849489147659 1
65 -169.276610066 0.365354180729 11
66 -169.894823956 0.535414525148 6
52 -176.187653087 0.958944836567 11
68 -168.412297519 0.232329232054 6
65 -170.084377545 0.831053920925 5
0 -355.260244538 0.121918179411 9
57 -174.852849567 0.43529585865 11
23 -212.834008337 0.894614611117 10
14 -237.742440626 0.444155505175 2
14 -238.003579248 0.894551631592 10
20 -219.238932969 0.036477436619 2
85 -162.550684893 0.297338497054 3
7 -255.276010656 0.293877115494 7
44 -186.620484503 0.0898464522365 5
3 -271.343563611 0.713498478582 1
10 -241.659982766 0.395293270769 10
0 -374.949084796 0.645075933937 7
89 -161.355975571 0.263657783582 8
5 -261.258052734 0.396544287787 1
22 -217.126547082 0.518349859616 10
73 -164.451684953 0.297689994854 0
85 -162.883181725 0.191651686555 8
39 -191.047743447 0.882111847495 4
42 -189.072076294 0.850286991339 11
18 -226.806795052 0.732383240913 1
70 -167.828097856 0.592041739877 0
44 -186.469676235 0.106206357494 4
20 -224.386457601 0.764794416737 1
76 -165.697383957 0.80520395955 0
20 -225.76699019 0.258897899084 2
17 -232.422958995 0.0815742116275 5
38 -191.465663468 0.182522397136 4
66 -168.789559852 0.335834559724 11
19 -226.841795899 0.339863959248 10
71 -167.688728453 0.788065075596 0
59 -171.837107664 0.747217127302 3
2 -281.326962622 0.77481985915 2
48 -181.469447543 0.377550969022 3
1 -317.660264425 0.437394396396 2
31 -199.470941171 0.269834075761 6
35 -195.792644137 0.494862227745 7
0 -289.679039978 0.388445348021 5
50 -179.814216521 0.00748307215572 4
45 -185.424883739 0.136602543622 11
20 -222.5812091 0.711092177727 5
87 -162.39744983 0.412593863481 8
28 -200.567000848 0.319289181715 9
29 -203.162413416 0.532182457292 2
66 -170.164126096 0.209578972641 4
32 -199.599760249 0.868194152692 6
27 -204.014616943 0.861430287669 10
75 -165.93967406 0.518750765961 8
44 -186.259401542 0.12617791879 1
5 -265.358631962 0.450280513122 10
65 -170.405116365 0.431012536672 7
58 -174.000851039 0.885496292562 8
62 -171.285027225 0.260707282584 4
4 -270.445586652 0.669099872252 6
46 -184.339754249 0.937177097575 11
57 -174.414100347 0.0941030954345 2
69 -168.638695273 0.834622566057 7
16 -231.988603465 0.553304879788 10
24 -211.628966884 0.731886604911 1
82 -163.905209804 0.42739221072 0
64 -169.922364111 0.959111917539 7
65 -170.038987533 0.915704085959 4
73 -166.694528529 0.980256844952 0
34 -197.035608896 0.0737325406941 10
61 -172.444411751 0.822934603785 8
1 -348.458799429 0.873223629385 6
53 -177.866004839 0.17389482009 11
9 -253.175097376 0.349930620412 5
36 -194.925680923 0.979810656958 7
18 -231.330427224 0.637492183651 5
4 -263.55218341 0.684181701975 6
75 -166.040451677 0.210704566124 0
39 -192.604799359 0.365591321959 5
63 -170.91864465 0.567718786826 4
50 -179.427038207 0.00124718097159 3
12 -241.980045924 0.38027050594 1
78 -164.813804125 0.0944138067558 8
81 -164.199420579 0.795469580568 0
57 -173.959191022 0.544345731126 11
69 -168.407882029 0.388705361508 8
23 -215.447243111 0.411376195313 1
75 -165.838683766 0.574906687947 8
33 -197.947863192 0.975843044551 1
22 -215.331381198 0.975602192707 2
22 -212.833286388 0.262041247226 1
4 -270.167170674 0.625827354075 5
49 -180.303996205 0.321222329313 4
27 -204.153738858 0.882425108324 3
38 -192.038032541 0.0966334707745 4
53 -177.567484889 0.667942553556 5
35 -193.300410687 0.017727201865 6
45 -185.261670543 0.145812941177 5
42 -188.429772513 0.900997786469 7
43 -187.980584113 0.449659939289 4
41 -188.320297351 0.801180776385 7
45 -185.068644519 0.266302909459 2
10 -252.057262886 0.184459073531 4
59 -172.793207142 0.148524715673 5
32 -199.52118788 0.361111763372 6
2 -276.889431748 0.358227123831 7
6 -259.036849673 0.195605905785 3
5 -261.425330349 0.195760643502 10
85 -162.830981264 0.812229765045 0
2 -307.361183952 0.490605157105 10
85 -162.710878246 0.684450812345 0
75 -165.861198893 0.679489010161 8
24 -212.51874386 0.232142658861 10
70 -167.586117876 0.500294057022 8
68 -168.617736903 0.00983235805618 11
73 -166.392388223 0.175948421866 0
77 -165.043046987 0.148700137724 0
22 -214.88432964 0.396539691234 2
88 -161.767879256 0.848424427334 8
48 -181.811903556 0.496284058561 6
71 -167.569594049 0.337121687711 11
70 -168.233133257 0.900504903147 11
12 -244.756385873 0.470620429538 7
9 -253.201847064 0.404795366462 7
9 -251.929013078 0.486748012425 3
22 -213.644885904 0.75219447454 2
2 -302.932481438 0.163676578534 4
9 -253.149753639 0.241049627659 1
22 -217.780227479 0.992045121148 4
17 -233.497036549 0.244811283666 1
35 -195.403207239 0.935245354418 6
31 -200.329772387 0.982728256041 1
43 -187.724229972 0.719649729484 6
32 -199.645512979 0.476348867676 9
76 -165.569219826 0.0576002426982 5
88 -161.713984654 0.647594667192 0
84 -163.196122088 0.454515157892 5
81 -164.242885502 0.949342204262 8
59 -173.414179499 0.210532537807 11
85 -162.318638447 0.00640849168376 0
22 -218.210434226 0.495293365065 1
74 -166.070952454 0.884659164929 3
83 -163.276872786 0.0121708985513 5
87 -161.874217174 0.394510936587 0
56 -174.51315489 0.810599851031 8
28 -203.933835588 0.72692985996 9
51 -178.944779413 0.0394065630606 9
8 -253.349353446 0.302240203337 7
75 -165.540421162 0.849175746431 5
53 -176.218268172 0.415091619661 11
12 -244.485267253 0.76233550512 7
23 -214.911404786 0.597498623852 2
85 -162.600111811 0.63893146063 0
17 -218.256791216 0.903216408408 4
65 -169.696162404 0.09131197496 9
25 -210.000872203 0.234138924848 7
35 -194.337378042 0.250711806299 1
69 -168.133705701 0.270204427384 9
65 -170.589234436 0.867295037853 3
1 -341.532928392 0.980551727561 2
79 -164.775439364 0.684905138974 9
31 -200.227649963 0.19710458568 7
47 -183.364185276 0.186022360138 3
80 -163.677348425 2.3527839868e-05 9
78 -164.886447751 0.421691153513 6
12 -243.706921317 0.667803470259 7
20 -223.884446492 0.680228808584 4
63 -170.513803701 0.694581568152 9
81 -163.959106677 0.304707173229 10
36 -194.566497004 0.488573005045 4
59 -172.911753154 0.00664090756879 9
36 -192.342914848 0.8282674966 4
19 -227.513411494 0.663217166318 2
29 -199.072715434 0.439856614845 1
78 -163.7261484 0.666838790337 0
74 -166.014111629 0.755577138437 9
67 -169.642720108 0.324284030787 6
47 -182.651158938 0.385344361066 2
38 -191.653118772 0.201710973674 4
73 -166.184640201 0.365068727697 9
30 -201.262052352 0.916336945335 11
34 -197.479843751 0.219592500049 1
17 -233.557515983 0.819161905937 7
68 -169.045118555 0.619574979575 6
83 -163.042994674 0.377707383347 5
13 -240.521509774 0.79864233325 7
26 -206.228881292 0.321021116532 1
2 -273.493745603 0.806579104491 2
89 -161.881776562 0.960519199246 0
8 -253.507398748 0.58172606505 1
50 -180.005796928 0.906154112451 10
86 -162.157071172 0.29052320811 0
44 -186.684208667 0.0415699652326 3
51 -179.232755356 0.654156709098 3
11 -244.941005178 0.171865803581 7
17 -233.087675113 0.338491571903 7
15 -236.522929854 0.454276796985 11
51 -179.496145696 0.642770509949 3
72 -165.171405361 0.0249051820074 6
6 -256.686537191 0.825914778091 7
29 -202.251926769 0.574989729378 2
50 -180.429956449 0.99214536876 5
64 -170.411773233 0.278147578408 6
26 -206.029438697 0.872699819724 9
84 -162.946570697 0.207038550208 0
15 -235.462682413 0.433921747599 9
47 -182.46736002 0.799592780162 4
51 -178.77171864 0.686172510911 8
3 -285.975932212 0.782900276549 9
33 -197.950446308 0.387608112316 11
38 -190.813751592 0.518023913737 4
15 -230.320645978 0.407441522307 8
1 -365.27081146 0.700490833088 8
87 -162.267899191 0.241080320958 0
3 -270.077398562 0.959290754874 8
61 -172.547938043 0.28557584577 6
78 -164.57899644 0.758490338293 0
60 -172.494304852 0.412844218183 5
12 -246.66914881 0.566405809927 9
57 -174.351025113 0.638442698319 2
39 -191.912313349 0.00903554822212 5
56 -175.520363919 0.346172351856 4
74 -165.6701853 0.0989849517444 7
64 -170.974588988 0.138175951423 3
59 -172.568137202 0.539944756085 4
15 -236.120875164 0.751096374499 9
34 -196.998196727 0.93799509413 8
44 -185.505935986 0.597281075319 10
82 -163.812414754 0.0302985107597 2
35 -196.364836064 0.836622879303 10
4 -246.333241054 0.845036936524 9
56 -174.963741484 0.712269521964 4
23 -214.942769319 0.449696250301 1
49 -179.427011799 0.241165357393 10
4 -266.431394063 0.953583902888 9
49 -179.431278579 0.496994980285 2
73 -166.65464664 0.0129530050055 3
5 -263.83340217 0.20388655386 9
79 -164.748112463 0.0687099426878 7
0 -739.086109786 0.229771322531 1
15 -233.346197556 0.0265505450397 9
0 -414.182748875 0.853613866806 1
4 -270.586183419 0.930335349583 1
0 -487.323746597 0.761294909735 1
28 -204.257704689 0.814872649867 5
60 -173.002277375 0.925172118308 4
9 -253.122567019 0.246074821366 8
53 -176.597448066 0.184298258054 3
9 -243.729916481 0.735159198886 5
43 -186.015179479 0.245416895694 2
41 -189.985833249 0.823331273834 3
59 -171.102263711 0.955392168615 7
62 -172.145968619 0.776814862543 7
52 -178.818318186 0.301455894016 6
45 -183.124493102 0.202546819302 2
65 -170.067975755 0.966536181337 6
29 -202.646741684 0.893021846425 9
24 -208.857736083 0.588110644333 9
77 -165.123545966 0.732768404324 6
79 -164.811166135 0.807013177987 7
65 -170.486443229 0.913965740108 4
45 -185.225168132 0.456294226502 2
37 -194.767157864 0.132385159024 1
38 -193.235091291 0.0848183625236 11
32 -199.782998005 0.333093674814 11
10 -252.381892459 0.601927942409 1
23 -211.78730644 0.397583468151 8
21 -218.973075177 0.0167488068985 1
27 -204.68592398 0.513707613342 8
28 -201.740503719 0.420824407185 8
16 -234.04719695 0.0531234330055 5
12 -242.723891903 0.492259717585 11
0 -394.163156553 0.405898167062 10
38 -192.331469026 0.00336555913383 1
85 -162.678383563 0.576455874378 0
33 -196.201108987 0.162527454166 4
24 -207.094849897 0.885388362951 5
86 -162.604314277 0.844686349219 0
7 -253.557557586 0.524476626878 10
88 -162.133535004 0.849360111717 6
25 -209.903744304 0.165942785461 4
6 -258.162588721 0.120408014535 5
14 -240.023409852 0.163946594253 8
82 -163.855344231 0.958976106447 0
78 -164.930678299 0.268328329036 6
47 -183.252844285 0.624053412234 2
9 -253.207278426 0.101822300116 4
80 -164.418951636 0.527861696459 6
36 -195.643203333 0.0163360526811 10
69 -168.741664504 0.337626425886 2
83 -163.606697303 0.250441722786 0
25 -210.019603822 0.991697539782 11
79 -163.513965017 0.691747709734 6
84 -163.122166421 0.702750070442 0
37 -194.716157219 0.457461867064 10
27 -206.05203902 0.563336001181 5
12 -243.586995468 0.461212871408 4
6 -256.533492385 0.904365045486 4
59 -172.882856156 0.597446921173 3
16 -230.905308557 0.228363184586 11
74 -165.691221734 0.107205241827 0
4 -269.693695577 0.250173902529 11
61 -171.86319696 0.788836890675 3
67 -168.783178454 0.234089374518 7
44 -184.489810472 0.038940078607 1
18 -230.05776522 0.361939419373 11
13 -239.410895738 0.134445361161 11
52 -178.05075837 0.931477499671 2
12 -243.430875088 0.914852571568 5
4 -261.404790859 0.241482708179 10
61 -172.151888217 0.982580061034 7
40 -190.253496941 0.395049170519 2
27 -203.246325032 0.953510511707 9
37 -191.191576001 0.0458989698168 9
77 -164.749407021 0.515617602644 0
30 -200.999941049 0.91836868881 8
14 -239.864805917 0.157334466912 2
10 -251.642268146 0.540226388057 7
31 -199.47796179 0.711308760527 1
70 -166.804574875 0.171597076131 3
41 -189.749214421 0.958937260578 9
41 -189.552080347 0.599266702656 9
12 -245.089512806 0.562608722188 8
41 -190.129628735 0.652205843764 2
39 -192.135484758 0.922848691853 2
51 -178.278276138 0.595009492333 5
30 -200.930198714 0.856885208822 1
15 -237.638825168 0.811635527902 4
51 -178.204107403 0.30414686599 5
24 -211.995485539 0.910557697903 4
33 -198.576167439 0.620116519032 1
50 -179.803144644 0.869208098581 2
51 -178.713617663 0.925615976443 6
9 -249.446010774 0.0298989104334 10
40 -190.420595031 0.72958217797 6
24 -208.982236408 0.0453288779771 4
22 -216.70042273 0.351928286308 11
6 -253.129200271 0.649847081887 5
21 -220.503839584 0.984967874139 2
36 -195.428599969 0.68165572687 6
15 -235.127172745 0.208908408342 11
61 -171.446183176 0.0813530485586 1
88 -162.045448665 0.371505169557 3
32 -198.535014312 0.957342096068 7
1 -335.446972771 0.480262439461 6
10 -251.650418478 0.869838842532 5
45 -184.836437521 0.847991108309 8
32 -199.609386202 0.13198435862 11
82 -163.916660191 0.813227258305 0
19 -226.872445249 0.658169895377 7
22 -218.550172609 0.486950083002 6
87 -162.172143408 0.319417862722 0
27 -205.260227844 0.779055367473 6
24 -212.182872524 0.374926616006 10
9 -253.146233483 0.610814395998 7
51 -179.234706184 0.630863909131 8
86 -162.678009078 0.0999479166071 3
53 -177.248250814 0.492367609456 8
63 -171.562031296 0.124971614765 9
84 -163.163209207 0.99296295139 0
69 -168.705210115 0.0977161210953 1
57 -174.371578147 0.087510556502 11
16 -234.474150042 0.727105912582 10
8 -253.029574337 0.757813519909 7
66 -169.991977863 0.835775910794 6
40 -189.138810274 0.545967162821 9
78 -164.792629442 0.182075592362 1
0 -270.959076161 0.954775535675 7
86 -162.671520788 0.190582111644 1
20 -220.117221913 0.895517125116 7
27 -205.480770574 0.987990415703 9
27 -205.36412295 0.867502635638 7
35 -196.34030132 0.311548252798 5
88 -161.480570876 0.664365524051 1
0 -1554.24765852 0.894323058524 9
39 -191.381233664 0.229593509533 7
69 -168.731276268 0.765017877799 8
66 -169.996269311 0.821849758046 3
59 -172.83185937 0.665650146417 6
28 -202.721966699 0.630743327757 7
73 -166.739687817 0.350173378231 6
42 -187.285983153 0.544432130971 4
30 -200.895617284 0.654077097183 10
30 -199.292543515 0.526136435032 10
75 -164.851574175 0.643760380283 1
23 -214.692675288 0.183370257117 11
56 -174.563571635 0.585789657135 3
13 -243.024580853 0.462984544972 9
80 -164.532038905 0.923600535243 6
81 -163.934102776 0.18266711993 6
73 -165.301241229 0.579410218729 0
15 -237.33634341 0.596588815495 7
9 -252.258892024 0.0614815317672 7
63 -171.686425828 0.543089293593 8
51 -179.648471586 0.922472147178 2
23 -211.077725763 0.63101547076 7
56 -174.633622159 0.787127373282 9
83 -162.936780163 0.841155016432 8
58 -173.459650675 0.886237820796 9
3 -283.349623453 0.493514320966 4
35 -196.330397214 0.476458498572 10
32 -199.016408569 0.195290835881 11
6 -258.283812456 0.288791564469 7
86 -162.65686213 0.545814298328 0
34 -194.398171625 0.15711429136 9
86 -161.956194511 0.172710626241 8
80 -164.176871419 0.264752661418 6
23 -213.597217089 0.595010472566 4
8 -253.79817404 0.721274301809 11
35 -196.479233549 0.0386115821291 5
88 -161.86926962 0.484902679306 8
21 -218.656666666 0.0613637925732 5
69 -168.676341735 0.693280221083 1
72 -166.266499138 0.410541574475 1
66 -169.316596445 0.87831261878 1
52 -175.776425807 0.267576005822 2
23 -212.963889109 0.309051688038 5
66 -170.112503559 0.597465848276 1
54 -175.296604074 0.191559443252 7
45 -184.697741194 0.272568085225 2
35 -193.571249389 0.589455547238 3
81 -163.393956012 0.0601606459257 0
34 -195.804246644 0.378586139375 9
10 -247.230795621 0.164906977376 4
9 -252.193216668 0.249857260641 11
85 -162.938169004 0.497516606738 0
88 -162.080245498 0.165206415517 6
42 -187.521256377 0.778539108207 7
17 -233.554731092 0.267375164183 9
6 -257.691577085 0.0140996387218 11
83 -163.618568097 0.791808276886 2
24 -212.209714953 0.915038495015 5
43 -187.746797442 0.0772269171927 5
69 -168.718676376 0.467563810906 2
86 -162.141469852 0.0877328807385 0
4 -254.981482063 0.00334001133677 9
15 -237.362836733 0.568851183474 9
89 -161.48840457 0.897257031371 0
35 -196.546898967 0.388184277326 11
82 -163.172067585 0.403850229479 0
33 -197.121602231 0.543142052965 9
57 -173.916046328 0.271724953155 4
74 -166.218387977 0.619525701939 1
52 -178.415568266 0.775740833451 2
39 -192.219377068 0.35499332514 11
35 -196.654463077 0.374987073211 7
60 -173.062679063 0.843592933118 4
85 -162.646762051 0.41039966937 0
79 -164.020071418 0.587346403583 8
35 -195.708206449 0.196259454694 5
81 -163.981719428 0.717469934865 8
56 -175.547156474 0.46456420892 2
37 -190.169351112 0.122009171534 2
52 -178.672943489 0.149073097796 0
43 -186.835998809 0.977749559267 5
27 -205.228171616 0.509574580074 11
73 -166.498127867 0.638350576486 6
38 -192.914699071 0.24895627087 5
72 -167.314215249 0.327579489829 8
65 -170.082852394 0.0913664529006 0
62 -171.596294464 0.301945015476 1
75 -165.948550932 0.822830369015 6
73 -166.804175226 0.944607773753 8
67 -169.282382779 0.0355231284167 0
79 -164.59575471 0.0272019635541 1
27 -204.545938034 0.321378360485 5
9 -253.029516168 0.258899407832 10
4 -256.077840598 0.390676820112 10
38 -191.990505731 0.714285485624 9
75 -165.515650195 0.880472538389 1
27 -204.449084163 0.639273253386 5
78 -164.162669121 0.573861519795 4
8 -253.916701562 0.983702310271 11
59 -173.515661332 0.483569734944 7
51 -178.351096396 0.191546585336 6
56 -175.540159235 0.72480521037 5
66 -170.119091815 0.158916423053 4
84 -163.319832574 0.0183002253906 2
40 -187.04035603 0.96299929788 7
68 -168.679862405 0.194389328569 5
57 -173.323320924 0.952903209958 6
49 -178.430788891 0.121555703094 4
67 -168.32036856 0.551844511969 6
56 -172.96573078 0.335482229269 4
78 -164.713620343 0.84484377471 0
56 -175.442788596 0.420225431103 6
7 -254.349603553 0.284327334967 9
42 -186.670392281 0.887615496434 8
36 -195.349719772 0.723071792814 10
87 -162.340223907 0.380106164914 4
89 -161.639619978 0.0701510627448 0
45 -184.755807109 0.259223562007 10
79 -164.766956745 0.627629289068 4
7 -255.551087556 0.240822337699 11
38 -193.004450093 0.485130355994 3
85 -162.783241966 0.964422269367 5
74 -166.106338126 0.312564244157 6
88 -162.109201935 0.218257949119 1
8 -253.034725359 0.0214777918039 11
81 -163.788205884 0.127989823589 5
37 -194.717880632 0.786512787205 10
88 -161.993027212 0.644446233888 2
51 -178.710108718 0.813519696089 6
34 -197.09206641 0.160639960738 7
73 -166.089928536 0.15172535043 0
1 -288.206146063 0.019830159383 9
48 -182.265510695 0.969518791365 6
63 -171.553677063 0.415789898685 8
62 -172.119855691 0.234334696539 8
85 -162.647593357 0.180979950246 0
88 -161.020177118 0.811173389188 2
86 -162.042218745 0.819070760949 0
29 -202.907390508 0.29702720937 9
83 -163.476702082 0.691127077761 3
27 -201.492627906 0.115387235951 6
83 -163.122987959 0.967348138055 3
63 -170.959398299 0.387932129661 10
63 -171.346235142 0.328369762005 10
33 -198.141001086 0.239275697529 6
33 -197.668360978 0.155542555485 7
77 -164.411458584 0.349754542128 0
67 -168.964815138 0.767235724366 3
74 -166.168726373 0.295879241262 3
84 -162.529282275 0.206421355558 1
48 -181.948238684 0.315170252005 8
10 -252.346316321 0.993583763779 7
76 -165.653382144 0.49060358027 0
74 -166.025480247 0.556426202052 3
73 -166.292638041 0.623535705167 5
62 -171.218474543 0.0769445082149 3
68 -169.115814333 0.329486179347 5
75 -166.011875136 0.971893107503 3
16 -234.134130817 0.560471106289 7
88 -161.895866539 0.836212037992 0
53 -177.291523682 0.850342888346 10
42 -188.857822292 0.11636928058 8
13 -241.076158199 0.971940313027 9
20 -218.455777275 0.712908102831 9
17 -222.485205137 0.817305310791 4
46 -184.010432862 0.303958608588 6
4 -266.750396154 0.649791247871 9
60 -172.047929235 0.528449886039 10
79 -164.341809369 0.0515825833046 3
56 -174.905281396 0.844300040268 1
64 -170.756548634 0.118056736216 1
65 -170.708231029 0.92645478986 5
82 -163.461545671 0.820121568805 0
84 -163.332000706 0.282167258203 3
62 -171.535831586 0.665254535091 1
41 -190.286921777 0.422715836563 10
74 -166.037323145 0.216419962839 0
15 -237.464947116 0.334608698166 4
66 -168.608724705 0.542865366113 0
87 -161.137728716 0.213994841886 3
4 -264.952873467 0.408241476018 4
57 -174.809865389 0.0469552880647 2
51 -179.473570295 0.0669687406719 10
47 -183.276910672 0.496250371143 2
31 -197.941441152 0.680007169307 2
49 -181.103081774 0.202908085072 1
2 -305.639752043 0.14018498322 6
56 -175.198619181 0.975880113567 10
61 -172.594390034 0.399338450877 5
73 -166.20450498 0.351996238842 3
23 -212.666641811 0.783083678023 7
73 -165.602572953 0.847560414564 0
12 -245.554769157 0.866124379477 11
7 -253.853540152 0.156484807423 9
82 -162.722367424 0.976355130935 0
32 -198.994176863 0.652923772006 1
19 -227.549484265 0.154230671358 4
42 -188.047352861 0.834110257712 10
19 -228.185524461 0.675125977039 7
77 -164.429647558 0.466860574044 0
12 -239.929653703 0.166887995955 7
17 -233.383350618 0.629243088554 10
62 -172.135743669 0.577425497445 5
13 -239.279360211 0.840022633594 1
89 -161.833167415 0.310080892605 0
7 -253.311694817 0.522748516785 10
35 -195.885221233 0.150954444932 11
6 -255.232275253 0.224378118236 2
35 -196.678718817 0.590078944613 10
18 -229.38203806 0.328752599585 9
19 -219.613686382 0.900433955512 6
2 -291.617320848 0.591603587486 11
53 -177.630229638 0.445602393979 7
24 -212.407878424 0.450705572849 6
45 -182.00660508 0.252593449302 2
25 -209.48420922 0.139463098527 6
22 -216.135218797 0.179432749114 10
89 -161.087464341 0.898109160854 3
23 -211.467645971 0.886387923694 9
89 -161.603802833 0.919121720531 3
42 -186.759299233 0.0891557317331 9
87 -161.729361789 0.609592032376 3
27 -205.222583777 0.0558739681303 6
24 -212.697193143 0.164185065485 11
67 -169.3725755 0.470045528487 0
20 -219.262052509 0.783497373667 8
44 -186.750217267 0.420048834154 11
65 -170.386898173 0.597571349961 9
54 -176.178630064 0.0807091038134 9
27 -204.28654403 0.82007654616 4
21 -221.567307757 0.909370362316 4
27 -206.000475248 0.203083351676 4
42 -189.067882702 0.125988892971 10
64 -170.992753639 0.407279071654 0
13 -242.569196379 0.0488779498467 6
67 -168.696997326 0.285281373089 1
15 -234.553833419 0.164782776297 11
76 -165.696034805 0.747725875668 1
35 -196.74710792 0.174857315326 10
15 -235.546127205 0.4751818377 6
55 -174.214686833 0.545062303362 1
0 -309.59923927 0.496257369936 2
19 -223.350319043 0.149932969359 10
5 -262.565264667 0.283096714079 2
48 -181.556753523 0.498294939924 4
43 -188.064516208 0.597453341987 4
25 -209.094224606 0.140522290173 11
42 -189.21997832 0.436079931246 4
69 -168.639833583 0.646780365233 8
14 -240.367435279 0.141673773539 11
48 -181.03511924 0.779097841522 8
49 -181.041606416 0.0882847558632 9
30 -201.469036529 0.644699943356 6
11 -249.074635701 0.299203038323 11
27 -206.116482176 0.885371300789 7
37 -193.547797629 0.285680129172 7
38 -192.421471063 0.0262304898869 10
72 -166.240329662 0.380643051603 5
11 -247.508636178 0.687397368544 11
46 -183.613537335 0.603893923859 2
48 -181.159656569 0.563027434318 9
5 -255.582809794 0.25130067723 7
84 -162.947626433 0.0190249878399 0
24 -209.987810863 0.442558811607 11
37 -192.21033209 0.404966499971 10
62 -171.330442293 0.30177532718 4
25 -206.274554842 0.659426050257 6
51 -179.56163281 0.612015143096 2
85 -162.745159894 0.274275510325 3
41 -189.847553668 0.0371856343112 9
71 -167.133375526 0.643283183324 1
25 -209.09931053 0.243004757258 10
63 -171.484226632 0.0540196499388 2
77 -165.311783118 0.453212858614 5
72 -167.209946464 0.198656263353 5
51 -177.51406118 0.744212892362 8
83 -163.519968614 0.311318759014 5
54 -175.88976909 0.525287781327 0
28 -201.374675544 0.256857456408 9
69 -168.383316609 0.787044334543 0
5 -259.74530181 0.0909538782458 11
22 -212.395329681 0.659961185199 9
10 -251.614122243 0.240113701048 7
12 -243.113174739 0.525236048157 7
34 -197.583381147 0.771042169235 11
39 -191.616066199 0.876676344604 9
78 -164.358557553 0.677200225998 1
12 -241.981527008 0.4746779463 11
68 -168.885863905 0.267125907239 0
74 -166.408791696 0.0242538476511 1
11 -248.805915524 0.0540985202971 10
18 -230.215503011 0.254458400385 7
56 -175.199013853 0.99309898558 0
71 -166.974914468 0.144110284282 5
5 -258.018642151 0.145998707214 7
21 -221.173850034 0.361322850331 10
82 -163.306480502 0.0908131641085 5
27 -204.033905827 0.0146783771792 10
49 -179.656418691 0.113646754837 9
38 -192.115268397 0.858765642701 6
32 -199.624769222 0.00814578513793 10
74 -166.240627888 0.997768534767 1
50 -179.444774873 0.939763535103 9
35 -193.519270377 0.987665398963 10
72 -167.174946048 0.565677524706 1
56 -174.526644019 0.68461851606 4
37 -193.628368267 0.897423634557 7
22 -216.970060298 0.488829206366 10
75 -165.635358664 0.439085607726 3
81 -164.215390862 0.78565359009 5
71 -167.177331388 0.1795954138 3
67 -169.330410238 0.360259428603 8
64 -171.123349462 0.338528871802 0
60 -172.333819659 0.622356321475 3
55 -175.931370016 0.941746598611 8
27 -206.014657718 0.432495826096 6
82 -163.747511291 0.92887032952 2
69 -166.969268271 0.750307184948 3
53 -176.766958861 0.536058586183 8
78 -164.877140159 0.157310252509 3
11 -239.302109207 0.844198947701 10
53 -177.486291604 0.80954882652 8
82 -163.638034449 0.45467986908 1
69 -166.928594265 0.619095753151 2
13 -240.695077346 0.88941992101 4
76 -165.193637224 0.0726402367196 5
40 -191.347071285 0.579658277705 9
49 -181.215580376 0.87688466937 8
22 -215.224760252 0.893172291716 10
15 -236.314307103 0.0756175046347 4
76 -165.537740656 0.431145755281 5
61 -172.421366048 0.562500307513 5
75 -165.906671758 0.91503739231 2
12 -246.445729827 0.366407928108 10
58 -173.675956413 0.308245466679 8
89 -161.433648627 0.940778178814 1
26 -206.280119418 0.229607572364 7
71 -167.813699318 0.152273403496 3
1 -370.241287099 0.852052297275 11
43 -187.149179355 0.0962960843574 9
20 -217.23248556 0.35018404505 4
68 -168.579236473 0.170306618532 0
43 -187.907561567 0.485234220038 9
22 -214.675406377 0.753242290036 10
41 -189.948369969 0.885450083808 9
58 -172.135102135 0.856521866101 0
43 -188.002523422 0.00508711408159 9
22 -215.447046935 0.625738693611 7
57 -174.871526015 0.454739317021 1
18 -227.735645323 0.0677897930883 9
18 -226.724045703 0.923222558834 4
7 -254.989853159 0.971780255082 11
55 -175.687285163 0.0503157284143 0
17 -232.760258927 0.370699250715 4
15 -236.852041947 0.625076985154 10
18 -227.471067124 0.605061710918 7
88 -162.111321088 0.187532231225 1
50 -180.374267844 0.450188430344 2
39 -191.793447313 0.230282228423 4
27 -205.939795271 0.416573318058 6
54 -176.741016154 0.415844087277 2
76 -164.189898443 0.36270675546 5
77 -165.210079625 0.479904904318 5
71 -167.663479781 0.813849346174 3
33 -197.895891869 0.498350188115 11
21 -219.886528507 0.527498944608 6
29 -200.798340515 0.533722806448 4
39 -188.790269787 0.405513389989 8
66 -169.969729683 0.261383879672 2
37 -192.445975761 0.0133578692933 0
66 -170.040416496 0.0477301153897 2
21 -221.672623136 0.478133327525 10
80 -163.773455118 0.442531868728 3
16 -235.061120166 0.187715103115 11
42 -189.085864958 0.903369735954 7
38 -193.143084831 0.967581043902 0
79 -164.692315509 0.355270974871 3
31 -199.469166673 0.0548335395047 8
82 -163.809606562 0.988221374999 1
3 -265.972993639 0.997041590957 4
8 -252.815580142 0.718627706197 6
78 -165.01407829 0.139083239953 3
4 -267.664589126 0.40860380682 9
73 -165.639649466 0.73465175837 1
13 -235.996056143 0.424104623729 9
71 -167.258957675 0.555085744401 5
50 -180.083168685 0.651672812941 2
62 -171.622278848 0.25312926392 5
80 -163.87444027 0.988222897393 1
35 -195.826233679 0.517925247561 9
42 -188.165562937 0.916886624052 8
59 -173.495130787 0.136085324117 5
7 -255.690439736 0.570436954109 6
43 -184.346515597 0.486535397553 4
48 -182.012190667 0.584746632928 5
48 -181.405029601 0.489587500628 5
55 -175.912522307 0.812608422613 2
20 -224.077267512 0.204904846731 9
33 -195.366710784 0.668782091424 10
7 -253.834678863 0.206649900532 6
87 -162.204154155 0.908033936757 3
26 -206.123551564 0.796098706792 6
65 -170.458097747 0.0345449615108 8
85 -162.847431287 0.37178389526 3
40 -191.619912087 0.488294450383 4
21 -221.816624237 0.354971160229 5
57 -174.733324595 0.768045388566 1
24 -212.357535926 0.494781642334 7
77 -165.009023205 0.147377640581 3
54 -176.179155583 0.197500596256 2
37 -194.626636771 0.811314867405 2
37 -194.617723623 0.813109676698 2
31 -200.398732244 0.490742200136 5
60 -172.485013475 0.99231455199 0
14 -235.489865401 0.893539983708 11
58 -173.357010238 0.739617121748 0
3 -284.448858095 0.623689253614 6
9 -252.967806809 0.655988616455 4
73 -166.601553821 0.936210831847 3
64 -170.787475821 0.868258991928 0
70 -168.088950134 0.625910720839 3
44 -186.379049312 0.143333918153 5
71 -167.796269208 0.331311881193 8
7 -252.957746436 0.829353804869 9
65 -170.398249601 0.0878045784041 1
70 -167.449230697 0.737707254086 0
70 -168.218883768 0.583437726021 0
77 -165.379272229 0.244978477482 0
75 -165.9324185 0.807712969045 0
54 -177.041557326 0.630043169785 1
30 -201.045157794 0.896012852135 10
46 -183.972102412 0.988800530131 2
80 -164.358311396 0.36954147623 3
0 -1486.14306886 0.967471202129 7
54 -177.090588776 0.920787598686 5
17 -222.958621616 0.447705683327 4
5 -264.121281183 0.794033761769 9
89 -161.823046409 0.309862055078 8
50 -180.368586253 0.302218156262 5
20 -217.157826595 0.979841920259 11
20 -223.924185691 0.51830800024 7
9 -253.052282785 0.0318094346364 11
30 -200.637102185 0.716863787212 10
67 -169.289448428 0.103141245557 3
74 -165.981906781 0.869974140735 1
70 -168.179083154 0.413710266174 3
67 -169.24407664 0.987186827261 2
70 -167.833712412 0.876936649069 1
3 -275.927442649 0.979535752844 10
0 -899.45408604 0.948787405908 9
16 -234.602335485 0.866030816785 9
68 -168.830745461 0.920934902282 3
38 -193.186191677 0.0827216869463 7
3 -275.14962134 0.456728739273 9
73 -166.234573177 0.947363899591 8
60 -172.591333273 0.407237539219 1
34 -194.790392756 0.112337826044 10
68 -168.487711397 0.840080766609 3
61 -172.396875206 0.667123900762 7
55 -175.107052889 0.603760692432 7
55 -175.584276301 0.420776025758 2
39 -192.115107278 0.163390058037 6
87 -162.409095426 0.450748915955 8
75 -165.96818418 0.796695685706 3
71 -167.489670186 0.525832864556 8
42 -187.812151371 0.518440222947 5
74 -165.987928324 0.159704012531 8
16 -235.066153033 0.847692798185 0
53 -176.863208613 0.593952770046 2
29 -202.327334755 0.22064831163 11
12 -241.883360372 0.711328470532 10
28 -201.713187652 0.729070174258 6
65 -169.657636002 0.945529737819 7
12 -246.152936851 0.742118739028 10
15 -237.297519982 0.916195649718 10
32 -199.495377483 0.385187521662 5
66 -169.880712421 0.699859443629 8
69 -167.093969227 0.682025692176 3
10 -251.77344062 0.201460516371 0
3 -281.461338546 0.346653328098 10
47 -181.857257692 0.504019526553 9
1 -316.084931424 0.806111503379 0
75 -166.040755694 0.456373368445 7
66 -170.044637945 0.517854657804 8
0 -331.556972341 0.456194753654 1
37 -191.844311589 0.464173948434 6
35 -195.102408883 0.145088657742 10
55 -175.352112276 0.958641523565 9
16 -233.246462541 0.351883338642 10
35 -196.095085688 0.246874009156 1
51 -178.938428659 0.546227326398 9
69 -168.457001914 0.956346490647 11
17 -231.389550545 0.549212941521 4
50 -180.326934849 0.049479297672 8
41 -185.410568696 0.172544153293 9
66 -169.711730866 0.273626454067 11
54 -177.069714402 0.349682129966 8
76 -163.820781959 0.536220934524 3
53 -177.926642517 0.0682080512863 8
15 -236.405186313 0.135139551469 1
76 -164.547462963 0.957340139854 7
38 -189.647670085 0.0395939617045 8
40 -191.016352707 0.460771910058 8
14 -240.378949303 0.254846726985 0
31 -198.982063768 0.142925926492 10
27 -205.515723373 0.394463951456 0
41 -189.767432413 0.323824681482 4
65 -170.454085072 0.892037308863 11
1 -277.69907742 0.225578085764 5
80 -164.20269268 0.410442129164 7
31 -199.898471587 0.0836661644017 2
35 -195.311811304 0.935740527196 9
65 -170.477089405 0.9108160734 11
4 -258.998449453 0.647452791483 4
24 -211.841024421 0.601910680119 6
20 -224.948454917 0.862017153752 5
25 -205.098625399 0.169145809721 9
56 -174.451653524 0.932498713634 8
68 -168.614840702 0.988507865555 1
87 -162.396563564 0.894828710967 7
55 -175.736966277 0.587435464204 11
62 -172.021525456 0.163490144162 1
49 -181.132302245 0.152224720614 1
32 -196.687640955 0.178755444307 5
18 -231.368077039 0.694857379691 5
20 -224.104804959 0.32516995065 2
56 -175.303548997 0.0872245434411 1
88 -161.992694425 0.934422355466 8
46 -183.628470841 0.583454294195 0
49 -181.276520998 0.626335623435 0
14 -235.104894917 0.753049159487 2
57 -174.679974093 0.941039772245 1
3 -271.815902955 0.248330788349 4
1 -284.423306511 0.00160228988398 6
47 -183.282370985 0.372234834701 1
49 -181.035036498 0.216566673855 0
7 -255.517567572 0.670978656175 5
50 -177.298348535 0.163738634449 1
13 -240.050546412 0.899208823092 5
3 -273.338034078 0.107704028861 6
80 -163.871365607 0.0568312803252 11
47 -183.027532174 0.633335342679 0
72 -167.226364317 0.910729425738 11
0 -299.32032734 0.473637761197 9
33 -197.932457339 0.591999047543 10
66 -170.16678288 0.827054755667 3
70 -167.420805004 0.121825115541 8
48 -182.181329221 0.606171195201 0
29 -202.654917601 0.895354975649 9
11 -241.922800959 0.662577343762 4
74 -166.274294121 0.002288916728 11
49 -180.787580616 0.774448035594 2
60 -172.808798657 0.345486882333 8
75 -165.528421409 0.0555046123904 11
80 -163.581450716 0.488380126274 7
76 -165.487067848 0.898210468306 3
84 -163.195830176 0.0808537349104 11
65 -170.688006998 0.702654188149 8
12 -245.631070761 0.255417563387 4
29 -203.108051591 0.0241854015469 9
29 -201.887925773 0.629522722229 10
78 -164.710222938 0.0528030054929 3
14 -239.6461952 0.780259343391 2
72 -167.305330236 0.250601304552 11
20 -225.598997448 0.947178137679 9
67 -168.94919151 0.212933761896 3
31 -199.307634224 0.980001571331 9
31 -199.680450009 0.948394824395 6
54 -177.020490824 0.539605009658 1
42 -186.531072256 0.23160436438 5
74 -166.036895181 0.853604332986 3
72 -166.515792208 0.525524537955 7
25 -208.28560493 0.393841714638 5
29 -201.832778294 0.864111287883 9
60 -172.691481342 0.849956870515 7
71 -167.646436324 0.407248495613 10
72 -166.772168412 0.62530360035 10
53 -177.356557672 0.895255475256 11
43 -188.109348954 0.352428081392 11
87 -162.364765295 0.541115907273 7
68 -168.967450193 0.24727869813 3
29 -203.023440679 0.314243864059 6
11 -246.954514652 0.804047289319 5
3 -283.422616852 0.596669614909 9
66 -169.960684868 0.762220703777 10
8 -240.781777566 0.702767952419 2
39 -190.278092807 0.721368606076 4
74 -164.411900448 0.143817859933 3
38 -192.429595654 0.392891246106 11
23 -213.582776248 0.237956408603 2
47 -182.429867946 0.808225892687 0
26 -207.955644938 0.99895269362 5
70 -168.126300074 0.955836877573 3
71 -167.235084179 0.0251450799671 1
67 -168.7612436 0.664547949954 10
56 -174.901841179 0.75304819145 1
26 -204.921764022 0.875875672859 9
59 -172.998834835 0.140184698232 10
10 -252.212693852 0.760419699404 9
43 -186.669986352 0.442890170896 1
65 -170.559237811 0.540177922334 10
71 -167.059848982 0.922589235757 7
5 -265.897198278 0.147892171476 2
3 -273.127107962 0.514752396433 2
83 -162.698087899 0.458497360914 3
15 -233.741644565 0.407731690861 0
27 -205.196869756 0.193090345425 2
40 -191.588707887 0.669749276842 0
53 -176.519575 0.343346647986 4
63 -171.520981176 0.649560518119 10
12 -239.810865913 0.789829601603 9
42 -188.871468349 0.0242862166706 11
49 -179.939696522 0.613909261948 0
51 -178.169322373 0.933444049988 0
64 -170.299380881 0.834104387149 10
12 -235.191991432 0.313346106631 6
3 -272.257872141 0.820278041673 6
67 -169.183210089 0.569904748034 10
80 -164.403720482 0.468474815567 7
55 -176.20668602 0.200229162675 8
59 -172.660516013 0.118489755294 10
15 -234.072771355 0.10424408775 2
15 -237.1674815 0.192473790624 2
89 -161.885619213 0.572653578403 3
89 -161.802364686 0.221086233659 3
60 -173.104994417 0.780261031355 4
16 -234.271246871 0.181326268895 2
13 -243.385783733 0.137684827102 11
63 -171.719329156 0.674913988592 8
60 -173.016518862 0.827980608629 10
16 -229.448973723 0.380902857151 0
26 -206.453755092 0.324544567435 11
29 -200.632773034 0.0159866229745 6
42 -188.816729256 0.767857546771 5
19 -228.738720023 0.15333188618 0
23 -212.918830744 0.98129036661 2
35 -196.518105192 0.302213758645 11
40 -191.418876621 0.271760589112 6
45 -184.543658595 0.813090794752 1
84 -163.295874707 0.4665386795 3
44 -186.734921568 0.672987932834 8
9 -251.602141715 0.372135508567 0
1 -326.551415822 0.983386064707 0
74 -166.093988726 0.479017561293 3
54 -176.598952422 0.908565443691 5
51 -179.003125235 0.785483625685 2
73 -166.571040802 0.502839219487 10
87 -162.085121566 0.28587273549 7
59 -173.518645304 0.577409149114 1
88 -161.783301763 0.498511034172 7
17 -233.393214405 0.118972404206 6
65 -170.279883001 0.999725031463 4
46 -181.477297148 0.770472764132 1
86 -162.247828586 0.518009143963 7
72 -166.273061191 0.676920850497 5
3 -266.15882394 0.708668016064 0
86 -162.338875329 0.501895563233 3
54 -177.012655739 0.214373219178 1
80 -164.200223655 0.391054076479 5
39 -191.155152962 0.707398241396 1
53 -177.518737991 0.314102196473 9
1 -326.459373318 0.903761054325 6
7 -254.001987498 0.1550536381 6
83 -162.868509216 0.589738137339 2
79 -164.339741441 0.13347532886 5
39 -191.974569266 0.633658596664 0
85 -162.854848697 0.0719258220615 2
87 -162.33277196 0.0470277813012 7
38 -192.898012936 0.152401661132 9
63 -171.565649743 0.691800180919 5
47 -183.10737005 0.0329030385561 0
0 -616.97822173 0.683514860742 8
25 -208.987047188 0.374303274411 11
76 -164.973996147 0.753303593466 3
80 -164.085777515 0.480141350664 7
59 -173.438127791 0.0861963670228 4
21 -215.713617125 0.00488633516599 11
5 -263.552449164 0.0602687097179 1
10 -250.200012287 0.808690857105 8
67 -169.402260068 0.483793900985 10
87 -161.923307936 0.769553230855 7
12 -239.810390663 0.478946221647 9
78 -165.020193521 0.298033227778 2
14 -237.561739699 0.323681577489 6
69 -168.32868524 0.529308982837 10
56 -173.540531684 0.836430077901 5
87 -161.521768011 0.743985937957 2
17 -230.988237189 0.284593660905 8
2 -304.069800698 0.12862505276 8
47 -182.359516348 0.790922803811 4
2 -277.463130783 0.525134313748 8
50 -179.085260946 0.320187077228 11
2 -274.487497567 0.819891661633 8
33 -197.124124591 0.627279720058 9
77 -163.9343283 0.186435449715 3
7 -255.666463815 0.497072898521 8
74 -166.213220297 0.825270150994 3
73 -166.560552806 0.0369420053754 7
66 -169.447734929 0.780437364768 7
88 -161.97278522 0.73921042115 2
23 -207.883712338 0.149603587317 6
66 -170.020920866 0.854414430745 3
8 -253.246053334 0.207615996014 1
88 -161.728942147 0.158855772203 2
20 -219.888682432 0.767379291073 0
84 -161.906140675 0.847775554398 2
28 -201.341418819 0.364991874017 8
48 -181.703970891 0.713690885905 9
28 -204.02680826 0.286059882892 6
47 -182.716749168 0.288092433367 4
45 -184.63813987 0.40906808946 9
8 -250.954129048 0.14458101761 1
74 -166.187452019 0.969959266719 3
29 -202.946431507 0.848794114598 6
54 -176.791864721 0.897609721421 11
12 -244.814503111 0.0639532309454 8
8 -253.39310017 0.522809582309 6
75 -165.888791968 0.950742330957 2
15 -237.627619643 0.594841242465 8
16 -232.960046442 0.474784451741 6
3 -263.672269577 0.30051760789 6
9 -252.292147849 0.317192608891 6
57 -174.758126378 0.331365115946 7
57 -173.893142119 0.21134343437 4
58 -172.351208631 0.264843963161 7
67 -168.307506266 0.635116452538 10
87 -161.10211154 0.60502016733 3
16 -235.268446809 0.434857885124 6
72 -167.152489248 0.611569175311 10
2 -300.189889835 0.0955826535205 0
82 -163.866701092 0.50820142343 3
10 -250.452118512 0.977051358302 0
39 -192.572164397 0.847718080894 5
17 -231.978708192 0.217416652965 1
49 -180.933366922 0.489200207429 9
56 -175.092089485 0.254197845668 5
32 -198.93444313 0.503155742374 6
38 -192.560520713 0.257408429612 5
53 -177.028404939 0.105970028875 4
59 -173.22270731 0.872503085475 4
73 -166.529281509 0.114117259463 3
29 -200.97428595 0.83222480465 6
43 -187.025462283 0.414265267352 4
21 -221.13155366 0.634369391378 1
31 -200.290494549 0.24856554625 6
33 -197.109137593 0.223852232879 1
26 -206.228392942 0.44123923303 8
16 -235.065638373 0.41872225819 0
18 -231.095587073 0.167915912523 8
50 -180.056641831 0.361949662736 5
39 -191.798098525 0.975059873982 4
27 -205.667453965 0.699694274309 1
17 -231.937653105 0.277015877516 11
19 -228.06832204 0.446338893462 0
4 -272.576163281 0.7322727226 8
11 -247.228951565 0.0592898137755 8
56 -175.561686662 0.554779510321 9
7 -255.302389189 0.340453372506 8
41 -190.365626387 0.802718585639 5
33 -196.492283472 0.580332128402 6
87 -162.219389172 0.175537888356 3
17 -232.006681709 0.81456224596 11
41 -189.723147839 0.820390706595 0
64 -170.47118413 0.0236097745286 2
15 -233.50236808 0.734732685331 11
63 -171.18174791 0.1010966786 2
12 -246.099747181 0.584640898707 8
62 -172.120458414 0.208542060218 9
22 -216.853077925 0.54729416534 11
50 -178.547592984 0.395810743523 1
7 -253.820111046 0.849279086393 11
79 -164.784774015 0.944126877028 3
7 -254.98210904 0.211195762231 7
52 -178.686171664 0.423419436179 1
55 -175.925545224 0.599352967509 9
61 -172.431579018 0.405846405011 2
24 -210.254684297 0.344297699072 11
17 -233.106978693 0.726224695076 7
77 -165.010610492 0.989314480949 10
40 -189.984542001 0.0879080602845 8
15 -236.737266313 0.0100526281174 6
59 -173.370080033 0.743338784738 5
72 -166.995711605 0.078442001152 10
3 -279.22128857 0.784788964891 7
6 -249.50304435 0.447238256142 0
4 -269.056695445 0.0999976345704 8
49 -180.408253633 0.247585836124 1
56 -175.042210702 0.178610460517 5
51 -179.507350274 0.798166209304 9
58 -174.136993234 0.602245832378 9
43 -186.971391927 0.703668930064 6
26 -205.767236383 0.846855482807 7
25 -208.184132906 0.586718504164 7
55 -175.319801469 0.457797260857 1
55 -175.652382926 0.633197236857 6
52 -177.651276956 0.291567418797 5
60 -171.036178952 0.706370876895 9
28 -203.838787232 0.458874127232 7
30 -200.83142754 0.630688488666 8
38 -192.700653371 0.666795239044 0
33 -195.982316544 0.464567964945 4
20 -221.8120484 0.175995917993 7
48 -181.500937825 0.396026023379 6
19 -226.615854124 0.369255212322 11
50 -176.909073069 0.136853888146 6
1 -317.825600618 0.304071477495 8
61 -172.466169976 0.718820290853 6
8 -253.481495434 0.449602605738 8
42 -185.969581774 0.869715835846 9
53 -177.913891782 0.350986511708 1
15 -231.596702622 0.589179458791 2
59 -173.691445482 0.0980327279155 6
9 -252.337358543 0.445661737627 11
23 -211.568301667 0.174585672512 7
77 -164.918746065 0.609270991731 10
3 -276.98167386 0.409315972625 4
60 -172.895950319 0.17933555702 1
21 -218.428441434 0.133009350484 4
39 -189.293751407 0.381927724499 9
19 -223.186424946 0.0387590550682 2
53 -177.439801776 0.46635604653 9
28 -201.554464427 0.374532857242 4
25 -206.49381352 0.982628750909 2
23 -215.028237785 0.241922512598 7
75 -165.991934187 0.0749168421063 3
48 -182.290547631 0.190762719814 0
29 -202.958569377 0.425776378304 11
53 -176.531803589 0.303298079226 9
25 -205.435163906 0.0180091449365 7
8 -250.315506668 0.0782708215019 11
23 -214.056763975 0.483104623295 2
46 -183.883761808 0.361461289043 1
36 -195.569945221 0.805325804773 7
47 -183.186065806 0.702004744261 1
23 -214.395960636 0.835517521989 7
35 -196.604960355 0.798843987635 2
38 -192.36564212 0.973121120911 11
39 -192.182556167 0.11935757689 1
48 -182.152942734 0.0585318821109 1
23 -214.898189546 0.681481757668 11
24 -211.022297899 0.182678585885 7
32 -198.774252312 0.980349813066 8
3 -271.524636903 0.715069875834 5
39 -192.622144034 0.319820756288 11
39 -188.28349358 0.289765098245 1
19 -227.332009554 0.220099835575 0
44 -185.167920896 0.278146662135 9
29 -202.783018697 0.240234155594 4
44 -186.533110975 0.86966570342 9
1 -327.117092432 0.59064683597 11
62 -171.824417897 0.119930498645 9
4 -269.827371314 0.708072416336 4
83 -163.456251964 0.684177176078 10
29 -202.653703936 0.353201684537 2
62 -170.935444582 0.367370466186 6
78 -164.715553808 0.657613382537 3
4 -268.224033234 0.0239741939602 7
71 -167.641548544 0.685415877137 10
11 -247.176206641 0.691842801447 8
14 -235.65409423 0.299349624855 7
42 -188.345923749 0.0687119268064 0
50 -179.910816468 0.03257460873 11
14 -237.765295569 0.466241199579 8
16 -233.569622371 0.488925468433 8
47 -183.093991518 0.333282509132 2
31 -199.576656885 0.237637273965 5
53 -177.83151258 0.698787742288 1
63 -171.656976562 0.449453204989 6
18 -229.604514919 0.261494756117 4
58 -173.71152544 0.379507900065 6
83 -163.645446744 0.392322759273 9
45 -185.453631099 0.711923589309 2
51 -175.788881082 0.395095657761 0
16 -233.554895264 0.134464031473 5
13 -242.537475678 0.239111061128 8
68 -168.598698058 0.818031069421 0
76 -165.221361302 0.737822277761 3
60 -173.120610066 0.767892003374 6
39 -192.278037323 0.204988560944 5
33 -197.779585638 0.0333889451281 11
71 -167.398995443 0.74946141365 0
80 -164.091134315 0.746977924718 0
22 -213.771020805 0.760691768426 11
12 -242.500086394 0.460503613349 7
88 -161.941809939 0.237484336666 9
86 -162.181048252 0.762066911089 0
30 -201.632495832 0.0893002537025 11
62 -171.918917375 0.890390884063 6
73 -166.585142596 0.819535300476 6
89 -161.548587288 0.762629581741 10
27 -206.000331185 0.252186229127 7
39 -191.070451334 0.0869709244907 2
24 -210.911775305 0.419052655459 5
5 -266.4616778 0.298444965345 4
52 -178.576790454 0.086897158628 11
70 -168.028141039 0.177225443349 0
80 -164.43754704 0.0689205743892 3
87 -162.300153789 0.720620039811 3
79 -164.819685299 0.985451657828 9
38 -192.68685065 0.00246988442581 4
80 -164.431331333 0.59710810044 10
55 -175.415788436 0.961758136391 1
82 -163.889242919 0.091941022659 10
38 -193.262081799 0.469348692703 2
48 -182.287997328 0.315112766232 7
70 -167.989202566 0.967813900359 11
84 -163.324780088 0.0265901791443 0
57 -174.277119072 0.107092343199 5
56 -175.03386628 0.738778354192 9
69 -168.563714945 0.0269194107537 8
51 -178.993800572 0.815325431264 1
84 -163.241580338 0.110313487766 0
69 -168.546121853 0.913506039757 9
4 -256.321985837 0.75968037808 4
56 -175.067210731 0.677045846731 6
85 -162.953758971 0.909477470956 3
52 -178.615850536 0.0995091976184 5
74 -166.054493997 0.322520289973 11
68 -168.927798436 0.083969511269 7
75 -165.321940996 0.211542456983 8
82 -163.849817109 0.848941068881 10
81 -164.006240975 0.644834423455 8
75 -165.848440951 0.170696391989 10
48 -178.906663918 0.142922265282 9
76 -165.345132947 0.696179548233 8
86 -162.465765755 0.146140467675 3
70 -168.204935963 0.123053948462 11
80 -164.263161592 0.522414738411 3
58 -173.335193083 0.156454512732 6
8 -253.432419002 0.0272268845596 4
41 -188.621358158 0.139623150318 1
53 -177.060814628 0.773773278541 11
80 -164.036889454 0.903583289129 3
72 -166.61577038 0.594863278672 3
76 -165.545616153 0.127047332907 8
45 -184.399160915 0.994163449589 9
68 -167.837387997 0.905651705365 7
9 -252.283829549 0.61783392656 4
52 -177.352524482 0.332228140624 7
17 -232.584259058 0.181593691742 5
69 -168.758671122 0.726171357404 10
50 -179.843013681 0.205852515369 11
74 -165.795631425 0.00624260054967 6
3 -282.595390347 0.77636505158 4
2 -291.951350234 0.703781440486 4
32 -198.528603654 0.168790749592 2
55 -175.873191661 0.558186126435 11
53 -177.275297232 0.321923556373 11
2 -305.799366087 0.532119907179 5
60 -172.965675328 0.249499119771 11
70 -168.102790432 0.824862451077 8
35 -192.59768662 0.499641305714 7
42 -188.841172986 0.171983882967 1
22 -216.254280504 0.716992460711 2
21 -221.061100591 0.432657826466 9
53 -177.988090004 0.697886951429 6
81 -164.18070872 0.284112315149 10
59 -173.139565975 0.345011176666 11
59 -173.640431063 0.514132418375 8
63 -170.995013718 0.60099776778 11
88 -161.95001794 0.275711628607 10
51 -179.362010756 0.356508072602 8
82 -163.522401784 0.899592199095 11
6 -256.950828073 0.0577180111486 7
8 -247.149237317 0.717210802218 2
20 -215.979497115 0.116430327919 4
34 -195.680795923 0.710070325095 4
18 -225.818671632 0.88947781114 1
11 -249.320761997 0.852226325561 2
21 -221.696440511 0.403871808691 5
22 -217.381707793 0.954060876818 5
59 -173.606276963 0.594426081379 8
36 -195.3013386 0.746255512333 7
11 -249.896728715 0.949358690962 1
13 -238.312495466 0.499695982071 5
0 -991.376737392 0.312291336512 1
33 -198.206724112 0.945877868382 7
73 -166.06619177 0.628706468101 10
66 -169.842458733 0.228682835978 10
15 -234.404715406 0.328201956152 1
10 -250.348484294 0.204449211553 4
20 -219.34595371 0.274238859458 8
39 -191.798429425 0.575845587555 5
85 -162.090248347 0.672007845589 3
50 -180.395638023 0.599222266094 11
89 -161.865721327 0.321617701249 3
20 -225.007489979 0.917811760871 8
22 -217.436265257 0.307057503366 2
8 -253.849746322 0.105949104793 8
64 -171.006171382 0.050265596736 6
