2.175071655053988059e-25
1.466022504146335668e-18
2.312900389756778980e-31
7.557297199385278110e-80
1.903366465071677577e-17
1.514324991040864556e-58
3.073856412179517263e-20
2.866705796242990736e-15
2.521600304110255132e-45
2.651630005056436743e-15
1.763249209669361327e-15
1.277484490798703276e-12
9.648888826736647999e-15
1.486455590413147038e-13
8.887988006666593540e-28
4.589190217192556264e-14
2.165363422267346820e-11
1.857889850526422495e-13
1.569874692710654168e-19
3.118921705411677622e-10
4.756629522841140902e-11
4.867119365391035371e-10
1.499682908936683355e-15
8.849550353185667447e-211
8.447341399914276731e-09
2.494342171899772129e-15
3.294469458921200012e-10
3.510930886828331360e-14
5.925409745996136507e-09
3.084378322644574935e-04
9.321572677405904251e-13
7.638877989379183112e-06
8.221196929840693596e-05
2.662023740201407201e-07
3.183638410545161788e-10
7.866889207348458021e-03
1.795919326135683135e-14
3.960656736390878729e-02
9.246379572774392197e-05
1.069473191712858560e-02
4.379002808287675574e-02
5.126079440131130899e-02
9.005682331847937594e-02
2.567394039545708020e-06
5.371923985579730044e-04
1.116514383887717982e-01
4.194743719066046448e-19
6.365472863787620394e-02
6.230420628488587270e-02
1.211338062064611087e-02
4.772577002588362927e-02
6.377872481124670367e-02
6.773369241948901109e-02
3.781014066543472718e-02
1.004421178588187178e-04
4.114298708581777195e-03
8.872929773785789842e-02
8.364112012792711270e-02
1.144810484960972624e-01
6.495500979895788007e-02
6.005236587809957560e-02
6.874040896354162433e-02
1.240175423458569626e-01
1.126106545048533025e-01
9.132796110158487857e-02
2.303393432079770181e-11
1.144742279469531711e-14
1.013543105159986501e-11
6.816946406720048035e-02
1.723684017843153393e-01
3.886460628368280240e-02
7.472365944220688005e-02
3.118721015632338819e-04
6.044908694425302209e-02
6.026746131397018452e-02
6.191205405894963099e-02
5.138337758292757518e-02
6.544334871101012419e-02
1.653100272848100072e-01
5.797389778472433360e-18
3.377405224883878176e-02
5.624574735898465461e-01
2.925551035244071119e-01
7.607731377562525210e-02
9.216624611700592606e-02
5.235855695559182843e-01
3.796214541742737869e-01
6.480374514434504574e-02
2.089783948497678789e-01
6.131001289275310860e-07
2.969027030663187738e-02
2.513523654606040769e-01
2.099300791685775047e-01
6.415274052459455367e-01
5.581895287513426868e-02
5.305742367581283148e-01
3.210368301449929018e-01
2.172512856678417703e-01
9.356500908491577340e-03
2.155751873796726836e-01
2.933517107474929997e-01
3.397901868415473814e-01
1.074571176193774569e-01
3.937152818616285188e-01
4.540326219824203924e-01
1.275872471018763277e-01
3.150599966331918411e-01
3.363345076452755045e-01
2.605169627294212087e-01
5.135784994110939028e-01
9.103733325987951597e-01
2.611494876671571208e-01
1.345739698978942189e-01
3.286999748615315742e-01
1.755813887640454429e-01
3.910931023173659371e-01
6.329342276304621151e-02
4.814197419608085560e-01
2.296615162698168941e-02
1.206418032314360983e-01
3.673325230508573402e-01
2.065280168434044661e-01
2.327779682562674812e-01
2.596039225164670922e-02
1.535835898334858562e-01
3.243551837847139518e-01
4.847110610273284298e-02
2.209404153939476326e-02
9.245868271389429127e-03
7.318529533821103474e-03
8.200113961709069865e-02
1.629563033735125996e-02
6.931657506015237447e-02
5.127756290391983773e-01
6.127238734081198734e-02
1.449846173297865718e-03
2.904834407455397349e-03
1.710849703385219564e-02
1.408846439756678004e-01
4.738115480628830034e-01
1.026918844013315416e-02
9.911938771406511584e-02
2.324632696743559809e-02
6.982985819441701880e-02
2.525230662264746906e-01
7.186377815653951368e-03
1.419947459681784570e-03
1.553869105054820135e-02
1.561950993844749280e-01
3.216754734839385793e-04
2.898097134425845108e-03
1.296446483264172313e-04
1.871709198618143333e-01
2.778447588545966720e-05
1.385906779301768633e-03
6.313477187740998420e-02
5.075536267043918165e-02
4.555005239384469357e-02
2.965495024721821055e-02
1.164952100580018404e-03
5.765761102490684492e-02
1.058715993822156030e-04
3.866742999097746319e-04
1.487482749542389567e-03
1.188358102726969978e-03
2.091859623921448266e-02
3.334909576128538482e-04
2.859868686830414376e-03
1.122199848552338057e-02
8.412260422256509669e-04
2.546147283245705538e-05
3.780207575946094582e-04
1.146957998851454127e-05
1.704735162338908219e-02
1.455898866738884615e-03
4.776186974468367083e-03
2.752859303767512782e-05
1.314032838782217333e-05
5.884757450197015266e-02
5.200188935301965770e-02
1.340836357152547459e-06
4.260556293518651116e-02
2.955676638541508680e-06
1.343676691701425005e-06
2.494853176904771805e-06
2.959553296313836712e-06
3.172606435144975434e-05
4.225300574395858076e-06
8.828195137122879984e-07
3.475863938092224712e-04
2.059534325498615925e-02
6.982630297577603617e-02
1.503184298069042150e-06
1.796498887952821308e-05
5.805155446468592641e-05
5.072921002221176940e-07
2.815252677204429108e-07
2.824262022673636821e-07
3.802123213991160649e-08
2.173689515604629077e-07
1.233834880378279592e-08
3.782381434534788926e-04
3.553440617723602879e-08
5.655587418243955937e-09
3.771448586913384524e-08
6.818985731531177123e-09
7.639292835367376457e-09
3.177891560370534011e-07
4.997883962025875258e-07
2.727676515422556456e-07
8.145060892122930069e-06
8.590351540016170837e-07
6.821455882968214281e-08
2.534126319604987230e-06
5.126032303540096688e-05
2.056601893329783760e-03
3.866206486738370945e-02
3.954595051825847141e-01
5.002823148187689889e-02
3.669089492554856169e-01
1.371572508459873996e-01
5.351561990354404922e-08
3.516120042834062393e-07
6.141426515402394431e-13
1.831189041706574819e-03
6.034005360046383300e-16
9.304741305802193829e-06
3.675165159586404190e-02
1.056188649163789867e-05
1.632172115894480573e-15
3.464926139366103497e-01
7.405923217541049430e-02
4.649981312788038085e-02
1.635043930653809420e-04
1.929248845368666717e-22
8.678608835019080425e-02
1.104632468636133196e-06
3.273445856582865466e-10
7.458917915717602074e-62
4.079815116183638929e-02
7.999801741325629438e-06
2.367985873491213790e-03
1.734110391551967403e-02
1.058582895648542280e-03
4.300304107174423435e-04
5.609789737793060595e-03
1.045573402121813822e-01
6.191221182585057432e-05
2.339858468652705470e-01
3.144355164535135824e-10
1.343812717675985048e-03
7.922163403165465826e-07
2.566760118807066560e-01
1.050860011424296740e-02
1.905656247848857565e-01
1.365815178011624166e-06
4.579535428461528906e-06
1.192386748650314243e-01
4.216677682051474679e-11
4.921382859393099718e-01
1.788582067616890647e-01
1.442509945489582890e-01
6.920770955208049857e-02
2.388833416693564247e-20
2.918318769524167128e-21
1.066594246890039446e-04
7.418476333254930272e-64
3.744631087321805829e-01
3.177618980539295701e-03
1.181324332687794521e-01
2.048837695236272165e-03
6.367451551131523603e-07
5.524012177318255584e-02
4.647842833315370318e-06
5.134556506459290031e-11
5.080124246358646594e-53
5.236149788917003286e-06
2.918004904910920694e-04
1.086263607425960265e-08
2.541685743280979462e-15
1.093867106595547205e-10
3.779843604159255910e-01
6.561136631756954440e-02
1.433911175131006854e-01
2.562475404925893663e-05
2.517629158437549204e-06
3.553322517020398859e-06
2.008084091111999037e-01
1.288965718628127047e-02
5.779897377249516577e-01
5.342399101065412048e-02
1.905553311552159179e-02
2.308598323141985309e-10
1.474297938681063715e-03
9.315141078612958203e-02
1.841572673372359443e-15
7.048011495335576582e-02
1.445921373540962340e-01
1.019790698517739624e-01
7.737330262139599513e-02
2.780252544707173534e-01
6.924535921206933057e-11
9.790622285862543572e-02
7.305153069049874492e-01
2.162830388464297426e-01
2.089530258152669641e-25
1.371775383737361322e-03
1.139661190581587741e-01
2.431344236176674676e-04
2.506690369680264544e-14
3.150181950490718922e-54
1.036267726366143782e-01
4.308723519790152367e-06
6.227637526421795494e-02
1.151683349335570497e-06
1.237662738900122128e-01
3.993426332665445219e-04
1.618866548498381908e-01
1.841158326018926854e-05
1.470617824964172149e-01
2.005374427828240103e-01
5.705463953627394746e-16
5.776512141609130985e-02
1.178429513733448512e-03
2.818474074609371161e-01
6.474629317046213250e-01
1.145123775445038433e-01
7.404689945947021991e-03
3.419401828901028617e-01
7.045723801530492741e-05
2.655962076427281771e-01
2.523037279823322426e-06
4.628836639679326974e-04
4.965040149565448646e-02
1.244718961357089426e-01
2.442901237038073792e-06
2.299069334537088237e-04
4.802116996382874780e-22
1.015061901457884377e-04
1.281087777880935419e-01
3.642212330021719069e-01
2.266934644401417869e-11
4.685188171709272070e-21
1.408202163645384210e-05
1.944670824147652979e-02
6.932069744694274392e-07
1.501622374629116340e-03
1.162952957658102138e-01
1.028277237761889320e-05
4.928912083963295546e-09
1.745141520512720201e-01
2.501348155814825720e-25
8.156646987120269587e-02
5.599238284262815252e-05
9.660542503553758847e-03
9.921917746572011139e-11
3.690476248091655745e-51
1.067403239648608029e-11
8.482071595913469320e-02
4.722743888319354266e-02
3.106492090979084673e-07
7.246932846147560395e-08
2.889462861013236135e-20
7.085711203172352646e-02
2.236412669149893950e-01
1.890008663422053722e-15
4.313553575137126644e-04
1.440095333609662696e-04
1.856784652006231995e-01
1.690694626476424032e-09
1.787812302386452279e-01
9.493855806203223280e-02
6.830272436222974142e-02
1.575622614807537340e-15
8.177645422273631748e-07
1.113836318488177677e-05
7.199467009589403943e-02
1.092708733975866209e-01
4.892207148442160453e-02
3.493899222235168356e-01
1.352151894650009461e-03
1.691227862048174653e-15
7.511199834571597247e-03
2.440856551631474802e-01
2.291186856720535055e-15
5.215765939674622126e-02
8.442489200031401899e-06
1.857665941194702465e-07
6.014952839645425729e-03
1.513876937313689871e-05
1.427434678091877356e-10
1.364415560479565193e-01
8.257152879181529903e-02
3.054079036331538075e-09
1.085154082263858688e-05
5.024011646127175209e-07
4.117742303587946047e-22
6.918270259169177760e-02
2.514755286522050681e-53
1.545886245638171570e-02
3.779997145291857322e-03
1.056227927354888650e-04
7.517446935462034725e-19
2.090335190590602654e-07
4.931054964774671256e-02
1.216735376593732511e-13
6.452809155390258622e-02
6.749880032262184359e-02
6.954443327126882263e-03
9.750874360984099239e-06
7.700610158366434544e-10
5.645839954916154766e-04
1.253559630949294278e-16
2.734358954723067133e-07
1.602986482366445931e-15
1.369309024754035153e-01
7.375605146356844860e-21
7.358841170245495042e-08
3.777707632421134250e-08
5.731408251490457800e-12
2.067598314196812115e-01
2.520475662326840434e-21
8.307865876934973596e-06
2.287869741986277294e-01
5.123129239400602043e-32
1.047311997619637977e-08
1.993708025754595270e-02
1.382088021302109726e-05
2.121585909030899442e-01
8.653850414206797135e-07
3.626485515036632634e-01
1.074090028655729778e-01
1.775449348452070863e-01
2.199154928028032308e-01
2.284532536755088661e-01
5.400583438441182698e-04
5.790276365601373237e-02
7.993567058300388103e-07
1.233917655961027477e-04
3.302931618727823586e-03
6.833231231612863028e-08
3.124454438758815429e-15
4.935340132290748361e-02
1.196774846582920361e-03
1.304539051873683693e-03
5.216373617920734397e-07
7.766056460436713766e-07
1.060891497411975970e-01
1.979317447680943048e-15
6.976455227219570155e-13
1.091059713730944437e-02
2.683128056635971648e-01
1.115133423282184806e-04
1.532138033665284916e-05
5.497918421149604922e-15
9.062006073270763643e-03
1.197519295971292987e-15
9.562298029050850376e-04
1.941346828516860197e-03
7.543835757523052515e-05
3.708177495612961014e-11
1.689056880679551369e-06
3.047756021335567070e-02
6.592208228249506197e-02
6.124371881576326504e-02
5.792523653708893220e-05
5.206135251831039285e-02
2.028363996490822164e-09
4.295266253993692412e-02
2.000617428997812988e-02
3.630666418700045665e-10
9.861656835760423956e-02
2.149485508348163433e-18
3.351352474460492746e-03
3.010878344349809388e-01
2.310889997080001756e-01
1.200090882084301896e-01
1.504578162815576247e-03
5.175620440960594995e-03
2.885272597756491919e-01
3.072175927161397834e-308
5.600528145993561585e-09
1.026875287866583913e-01
6.440329349017849536e-02
1.114570901475543692e-07
1.074061877993656433e-01
2.551221686916460026e-15
9.246840574564689474e-13
5.854332357741271614e-02
7.969887395951641418e-01
7.746940259133845708e-02
9.751158490477318116e-09
1.133962602230576544e-01
1.510679129559597600e-06
2.955903358868723055e-05
7.178916319622143105e-02
2.240396527968172084e-19
6.807947282165568992e-02
8.770848588583632366e-02
1.962454475168476029e-02
3.337090226326162324e-07
6.921519881993346002e-02
1.465623681616668232e-07
4.991169167361385762e-04
6.761793605612594071e-02
5.094152210168503706e-04
8.445329380267072361e-07
8.859224443090796871e-16
4.431801285551370984e-06
1.283238815524972857e-12
1.314737275115577430e-15
4.016795856594965549e-08
6.785913293599348146e-03
6.681327467576779477e-02
2.305323475388313670e-01
1.795129957149275886e-10
8.860584042719705155e-09
3.932420660100146431e-02
1.096668946839641655e-04
5.630126141083251020e-17
7.041974304417508940e-05
8.410942034371572673e-02
2.855651803037229011e-05
4.728457034511764252e-03
1.242992967528197192e-10
3.927756863491637523e-02
1.412705596395059417e-02
2.164624896371159304e-02
2.173490118034177505e-22
2.925146477519481314e-01
3.318040172310565521e-03
7.659009578073791262e-07
2.094954468186264324e-02
2.541141731371612464e-02
5.485184606310135301e-14
6.737164135291118239e-02
4.453530261224342428e-04
6.531424645107357374e-02
3.854361002690543147e-08
1.937840975494956874e-01
1.107216260577973954e-01
2.552864984092020201e-02
2.401580761379407680e-01
3.172778400169886104e-01
3.256963278051329125e-01
1.114453535175043229e-03
3.065183063165518446e-02
9.513467415123795859e-03
4.453329289133556301e-02
2.153977308905269047e-02
1.273519121184563396e-01
3.540544391128813695e-02
6.215255762932863498e-02
9.251820541142952506e-03
5.489507710345749997e-02
5.242522109065905479e-18
2.063329581895113310e-15
4.560019549670201178e-01
1.657739404421476430e-03
3.558661873614693818e-10
1.780778321562872038e-02
9.443533920307758089e-07
5.219544185279793164e-02
1.281528078395078947e-15
2.955879563310972666e-02
8.467841867785582335e-10
1.397163577529306373e-03
6.743573643971803448e-08
4.337687422852485508e-08
6.533348770632222552e-03
3.553929163586404429e-09
1.010239238103093220e-05
6.531201276808228096e-02
8.095461294735822418e-08
1.426390061681641896e-01
8.555277664681526991e-14
5.375354644106531549e-02
3.226227969655651937e-07
4.401778444320450556e-15
3.512340107262338632e-07
1.686400107976219161e-06
2.471027146662092814e-15
1.497874949314561902e-62
4.167486947819892191e-13
4.910533555834752846e-09
8.453166567472798049e-05
7.805152151963444529e-02
2.396217335665350136e-11
1.028782732386867987e-01
4.462448743913625081e-03
3.442761924076880890e-15
1.060035898837982313e-02
1.160506529741452998e-02
7.468138157873682874e-07
5.447649889945351968e-05
1.795833982261062223e-01
4.002486124091925988e-09
7.839817280507489425e-03
1.462894149439990070e-03
2.349244205412112096e-01
1.151231916956679174e-15
4.837553206946221292e-06
2.284556526067824643e-04
1.596845584481778151e-05
5.312949945362434814e-07
8.020798728533205681e-10
5.447249018508549571e-12
4.212270770621429072e-02
5.267611520085636347e-05
3.299426885121279907e-01
6.286295870889355153e-02
6.926643058178135489e-08
1.109706904229319808e-05
3.767307040022469661e-02
8.892312748440146103e-03
9.184200664288345463e-13
3.141438604631457943e-05
3.818251812716514610e-08
7.071882197825810916e-08
1.674775009491505519e-05
2.135723566713872149e-07
1.218075426029482239e-01
7.862852056136830636e-02
1.786109718736025032e-01
5.233868319597317909e-02
2.673465043673087793e-01
3.755207415682362978e-04
5.676666985295279050e-02
1.688011056053337344e-01
2.449039763945739264e-08
2.276371249023421360e-08
1.516821434272569782e-02
1.107911103062269451e-05
7.936743935294695435e-03
2.049672277723597340e-10
3.525365677654336560e-02
6.721645524732786092e-02
9.898126214267007061e-02
1.973216378273682636e-03
1.712628910326089359e-03
9.832883231667327584e-02
4.590542539413426442e-04
1.416906501936516551e-03
1.941765537752315915e-56
5.142042159941832835e-02
4.094767538117956795e-04
2.047275989344806235e-11
5.478031105028119037e-11
8.733467984690868253e-06
3.948766052036153577e-08
1.287308584347779532e-15
2.292273578458786376e-01
1.950681780711252179e-21
2.919926429771428205e-12
5.463137230922477249e-65
8.382152005392427499e-09
1.935987358371665673e-17
3.185107738735252505e-05
1.424632899850958416e-06
6.928015389802575487e-08
1.331444056437711965e-01
1.243501656178762627e-01
5.266061009945347248e-08
2.288875133979140989e-04
2.665395420567228668e-01
1.822872832719451594e-07
9.963822301686655421e-06
4.583515316661082382e-08
6.496685274150652987e-10
8.766425862130042268e-02
1.230367461297840860e-03
5.084932726606359290e-08
2.631173362186838027e-04
1.209930286370128859e-02
3.554297706589364431e-25
6.254987829562158597e-01
4.146299523247569575e-40
5.342382652851004193e-02
1.073256378313958842e-01
3.200250887101172054e-28
3.168990598345557408e-01
3.099192467539348406e-01
1.108576925970471172e-06
2.198880459176871561e-08
7.816929391380758596e-02
3.387307351644733983e-02
1.308298482228302485e-03
4.696664918986098031e-02
4.733025644423922984e-02
1.497544680909029422e-05
3.289143232003059469e-01
3.206591121840642162e-19
3.873524767207833872e-03
5.485374694427041370e-02
1.057249842545034471e-02
4.788206433837934453e-21
4.837355460746590174e-01
7.974105887320562247e-02
3.660502611002754408e-04
1.003067220335586713e-09
1.366381914994710053e-03
4.708433725004207678e-07
1.666106403619429643e-03
1.482701834667396294e-03
5.840219366094978560e-05
9.665546361682346432e-02
1.719472970577187732e-02
1.745930166317654531e-53
1.462742464556613942e-01
1.367202083700533323e-15
9.344992699051489493e-02
1.020703055618164751e-09
1.952424387638398678e-18
1.353981174214143415e-05
3.493352275997390483e-02
6.428776388986214528e-03
2.152960066679961426e-01
2.120167855514469643e-12
2.261172168690584156e-06
7.621599238455400273e-07
5.718722383758186034e-02
4.610856849903218640e-04
5.072111974505893865e-05
1.656682620647142288e-05
9.300788363506520828e-02
5.695174326529729529e-05
4.097724818821907593e-04
6.325391181654045030e-21
1.941835053676595479e-01
4.118309460884424233e-02
6.157240034089041247e-02
1.971575608037110794e-01
7.219418677893990610e-02
3.648641035460098991e-01
2.363716331312435137e-01
1.357383425852045633e-01
2.637180249746017280e-01
4.425489099066983734e-01
1.575086402840297218e-15
2.323039349341385687e-02
5.080577997388404515e-02
3.005723128683314610e-23
1.066374904876223893e-16
1.637777015623988501e-17
7.299266426974277319e-08
6.697712022545383381e-36
8.230747786754811860e-08
1.619798979090156767e-05
5.612377493802952512e-04
2.915497484899428737e-04
3.738030368987815821e-04
2.410267256917876332e-05
4.564444131430080951e-06
8.905515152604765708e-05
5.552237496732987593e-09
4.441193671319156322e-01
2.964072881449550498e-04
4.531857514490620926e-04
4.116728982501629872e-13
1.331114669882843700e-15
1.790616435099611188e-15
3.075690435391588732e-04
5.614195533276658119e-34
1.402294907040470042e-15
1.656663629883503312e-05
2.219350387912833552e-10
5.796848128019137930e-02
9.909761460798008348e-02
1.754024805324936598e-01
4.486621349691685690e-02
1.132627099495457300e-05
5.859683553834121176e-09
2.068888272107250965e-07
7.297423192355808960e-07
2.780794178363557925e-02
2.379189138795022247e-08
1.077451975144022769e-05
3.324015052261455514e-05
1.908391419338852583e-07
4.992132040203175613e-09
7.222094335013928834e-02
5.131233220370091941e-02
3.487211656025556716e-01
3.052918585506224048e-15
1.165719467666607423e-05
9.536410106942183607e-02
5.398804454487400622e-13
8.667631923012200006e-05
3.758335676648977620e-08
1.028644567129778679e-05
2.089011769144785181e-03
2.556022068349082278e-03
1.143151649077258913e-01
5.005610877659169913e-04
3.222143476686683845e-03
1.777847242868627499e-50
2.349607043259988029e-06
1.097524960216784695e-01
3.506984143372078311e-01
5.913374733011252337e-07
5.338239810580158463e-06
1.175787780868884725e-12
3.011459500457608948e-07
3.474593692232195823e-03
4.461381347554896538e-07
9.090729730626616323e-02
2.063348978897165675e-02
4.539179749112512430e-02
2.597803303492851863e-08
7.955770227194509936e-02
5.631730207788920347e-07
1.390118949364100647e-05
1.368280509117489850e-03
7.154795189031991631e-01
7.267947142981866226e-02
2.966805125034722903e-05
6.811973675150517771e-02
6.198657807680858084e-02
2.089103655474966073e-10
9.528995077494561939e-04
2.411234387574922559e-07
9.116002746610518694e-12
3.951592076460473668e-02
2.271821752093489929e-22
4.954536854490801558e-09
2.606615781019108610e-15
2.616487336476490677e-01
8.373963923967683467e-09
2.150757251350570165e-01
2.614640263340361481e-01
3.422733862488360104e-13
3.342021859534272518e-10
6.931116392639355692e-11
2.009199092966540423e-01
9.326860266673186296e-06
1.118504299635999607e-15
8.419260192120783803e-02
1.712018674987313971e-01
3.847824859490083828e-03
1.231582794929060760e-02
6.502485059278544678e-08
6.826116181932664582e-11
8.598447861290871019e-01
1.950857485972922190e-01
3.401981611779854292e-27
9.276794351272657502e-02
1.682458244922130086e-01
2.801830366892829025e-09
8.722938570557740655e-61
2.503022465020949121e-08
6.919503313881196142e-21
1.550366786542704128e-02
2.859626501836057098e-06
1.635788139016908921e-02
6.079248386744075362e-14
8.493275747940805254e-02
6.982086675403692544e-02
5.138745693854055580e-02
1.023854398162316180e-05
6.078998031446293873e-03
1.519364841991193218e-02
1.036127797461114968e-10
1.003400485566464245e-01
2.857906421199888913e-01
5.166266911323052777e-07
6.056248427991015731e-02
8.506144832075527165e-14
8.965926573432608793e-02
8.399994792290750622e-05
2.153016922799936284e-01
1.096854256515508736e-19
2.143850043689781992e-01
6.077845337091689211e-05
1.473813288886575432e-18
2.414699864183246975e-06
1.904959392567643622e-222
2.580681543010561331e-10
2.418925639451688896e-81
4.160183295009810636e-21
4.158060521490935192e-113
3.711651490011053794e-02
1.884770682519665633e-02
1.440941520888948839e-15
2.117887187842924235e-01
1.149058843957384733e-12
4.199011657937405939e-01
1.502060135826751019e-01
5.350367028099339665e-03
8.884310726359397406e-03
1.862034051564690207e-01
4.456878458202568338e-01
1.440337938291644769e-03
5.672937415134235439e-02
8.017192437219652218e-03
9.784092309086906431e-06
2.267144992921324527e-06
3.570972690773817435e-03
3.784285850466172496e-01
7.437942934850061416e-02
7.706728898251742621e-02
3.910303174128120646e-02
1.138464650348570138e-15
1.166288812596652210e-03
1.139324153824471983e-05
4.720028719789130800e-02
4.221668931700080923e-02
2.811325951314028310e-10
1.007678614187529240e-12
1.196798381651084537e-72
4.591432862002974014e-02
3.475382233497975682e-08
7.133611401287871800e-02
1.662213171162491357e-02
3.742574539768142796e-08
2.479095823376011059e-15
8.573392633451423343e-09
2.816739666364107952e-03
2.556210552854571161e-16
7.268138728963221272e-12
4.949174936839919682e-07
5.107272105563035643e-06
3.920022684804216895e-01
1.323904502486648977e-15
1.472037482139766858e-06
4.559980055118956904e-02
3.302339750013381101e-04
2.833167020787347559e-07
2.508589270261472361e-03
3.108460105245962896e-07
2.227694208659862253e-07
7.827122677769406123e-02
1.204060800396838590e-02
4.250900367489604749e-13
1.303479401810395291e-15
2.123843414475746344e-02
1.561442895945230360e-09
1.002541116390147061e-05
1.015582036998406687e-20
1.178772269642405779e-02
1.238244030787786490e-03
7.894883174655867863e-01
3.644261228317718416e-09
1.341018311074421938e-11
4.011756929176747422e-01
4.969161887950823008e-13
1.671763962705558243e-17
8.831874532068779635e-03
1.149323947427556142e-01
1.020478349164146148e-01
1.153074157186915610e-01
2.411575917658320476e-06
8.853325944089179833e-02
8.517340745005838653e-12
2.385252216063574864e-15
5.305007172712940255e-02
5.231625395238640103e-05
1.903047250924776446e-01
2.317735176190846014e-01
2.950374108468126440e-13
1.300881489734071750e-01
5.585513738668889533e-02
3.195397567358969626e-01
9.492818224191017229e-02
2.270784988998552583e-11
3.441406483532958305e-01
9.470983408730250692e-04
4.961930704002592146e-02
3.204272228981883130e-01
2.067561698016336103e-01
9.851665283731690995e-15
9.724620841295061879e-02
7.078683650985617519e-03
4.877391105445038895e-05
1.431415023423262101e-15
2.465158054901210672e-06
5.651503486923614011e-02
9.547368233208521523e-11
8.998880587516303736e-03
9.362851265532363036e-09
5.170389617171804869e-02
7.816123013280990909e-48
2.365890627465488675e-15
5.582227002787556458e-01
4.651671940782150377e-02
4.654827826523737545e-07
4.931446977923886010e-08
7.670989999993724388e-06
2.754551875206840011e-08
2.657832710715295893e-02
7.852608436036701825e-04
1.407239902342345737e-15
2.609544521978356402e-01
3.476683955736133227e-08
2.713032733727546719e-01
8.014497350021104749e-03
2.138114310771774960e-07
3.424945713087860773e-04
8.320494830989376422e-02
1.834373761451193511e-10
1.581366609451314223e-15
1.554067453577643882e-03
1.163226181986479202e-01
2.309562287249718416e-06
2.865280905349974620e-21
3.499315028567996935e-08
3.628696874464623377e-06
2.131803404502465721e-02
2.395557341623567524e-02
6.206674722354466739e-02
7.400217406820387780e-09
0.000000000000000000e+00
9.538716960866842898e-02
3.336824040044573513e-04
1.547412543725394315e-03
2.234961863622779779e-02
5.261846607607665455e-02
5.582345735828196095e-05
2.718716394123671942e-01
9.826835565506765457e-02
6.385752897482289969e-02
5.527687481596298743e-06
1.078682106123172774e-04
6.867006251063924316e-02
7.459925493303942576e-13
1.314636516868251956e-06
4.574339598538524114e-07
8.191217715620541015e-06
3.072855746618577204e-11
1.287472496929035826e-15
7.077052719189155620e-03
1.725316119635758594e-01
2.371226731474832244e-03
6.402430705166708980e-02
6.566460526303457653e-08
2.657179937595118002e-02
4.702441090512154855e-26
6.268451704621035014e-02
8.416586524207533837e-02
2.264382679361334895e-16
3.550988094433283932e-08
1.075725663188650261e-01
1.023695303838000502e-08
7.795412202559787923e-07
3.225855617751248071e-04
1.948924052506694849e-15
5.401588365557220828e-02
5.016892083366193504e-09
1.563370003763936837e-05
3.525259326624831228e-04
2.733619954045522147e-05
1.895871280894544965e-03
1.483455832169375821e-01
6.077091457936288025e-04
1.377609790269716328e-03
6.427392058090780624e-02
6.412723913773185069e-01
5.506535899817156798e-02
3.504810542601303404e-07
1.060875874996399792e-01
9.027455684733520413e-14
1.374866104345437443e-15
6.557347086721242052e-08
9.042656876466916840e-09
2.148750759113823572e-01
2.094929690113337379e-10
4.094061647116529792e-16
2.799733910104226914e-07
7.644629173470640204e-04
1.714884216332774880e-01
3.379133651092411416e-04
8.505633251778330705e-09
1.728203212254155613e-15
2.992514538786205119e-11
7.342472840054451660e-09
5.048179251857302235e-02
2.119257728673253236e-07
8.869108695482746940e-02
5.970854890912098006e-02
2.868352669823853038e-05
2.785477704494985218e-01
5.136048984015872954e-02
4.533360624149842394e-02
1.774297325628901995e-02
3.587035087017921639e-08
9.118774157444204412e-07
4.272995628626690551e-02
9.475290143370512826e-07
5.002893606073702953e-02
1.250220238643006132e-01
2.153391763081684840e-01
1.847863021779687920e-01
2.744413108508214974e-02
7.107631179213629393e-05
1.061731384426956443e-01
1.014477605168163449e-04
1.419069147066170673e-03
7.744546377535296150e-03
1.484309996667855080e-05
5.233716626946389923e-05
1.961858381205132916e-03
2.812103423301109589e-06
5.429249063024677718e-02
1.581458598641141258e-15
2.055849077574756637e-15
6.456939479364590118e-02
1.194956080768268540e-05
3.065152885212468759e-02
7.906914892690747822e-07
1.731087684565374831e-15
2.512440846874132785e-02
2.970978192452445321e-01
5.038022808709127776e-02
1.368563576410594977e-03
1.828143389114763987e-07
3.475668998343287575e-01
3.512869874256187254e-04
3.045286963400367988e-02
2.743402014353543139e-01
5.032551824265349026e-04
1.954926808568081820e-02
2.499441031663056995e-06
5.553255566017621658e-02
3.250993926584649668e-15
2.180679174157080513e-01
6.115348818721780266e-02
2.328383550452259751e-08
6.312048561779727199e-09
6.050967721476118166e-01
2.369622636917420213e-06
9.777285244442268666e-16
9.705910483460845894e-02
7.656179898964438005e-08
3.208449290482648532e-05
8.784568446144525552e-09
1.573241898502797769e-15
5.292862581667632925e-07
7.813644929993328325e-02
9.866757902433885179e-09
2.074829401828278130e-01
9.134972020937698334e-02
3.261532977476248879e-05
1.395898132874539117e-27
2.821633707779452327e-01
8.081732787468404178e-03
9.119361670553813304e-03
3.584054402330231646e-08
1.172710861128258103e-08
9.393141417140863664e-09
4.371290271768577679e-02
3.226475598607981128e-07
5.409227785477488393e-02
2.225864824772156959e-07
6.172047150785436170e-03
9.944784316468941246e-03
7.667275006874942067e-02
5.133643078933317755e-02
1.483108963329951991e-06
1.032576967418903559e-03
3.014396023830754126e-05
4.034190880031226621e-08
3.875164281775532737e-01
1.179695901556413266e-15
1.041203736951220668e-05
1.374404711885080401e-05
2.663091905734122833e-05
4.763364898448485714e-03
8.878596438503234909e-04
1.393231419875655759e-05
2.577248543470811466e-10
1.087353649218579990e-08
2.598135912378660706e-01
1.540620593634244584e-01
5.235084511153674821e-12
8.430372979697347955e-06
1.220280935360291998e-06
6.724042700545582729e-01
1.927408228434743528e-19
9.799450036455156082e-03
1.590088619784875697e-06
9.505699292545692625e-02
7.560068408832850903e-03
2.860653860008116698e-03
3.275749856053861920e-07
1.806033092355874989e-07
8.227249711741362742e-03
1.111542912827521989e-01
1.358223780749627129e-05
2.702030787596282691e-11
3.771870496729501799e-04
1.042650935103294800e-08
4.811298047492667045e-19
5.367887736291182543e-02
2.055073435720424224e-01
3.826808070360798730e-01
9.360710603975125332e-02
3.527092886038701303e-01
3.745716029830089606e-35
7.089067150030058106e-02
1.479996241752460848e-02
2.908451704677467278e-05
4.840782951310128725e-04
1.095473482822683377e-05
1.852758533585598767e-13
1.843952453471325092e-15
8.136724420220786256e-08
8.605797044643209714e-02
2.505763387550367404e-08
1.269712055735204015e-01
1.326512393606736413e-08
1.456376587208959669e-06
7.982537848189984228e-12
2.486560588868989006e-10
8.975618371862706737e-03
1.529536557610210745e-11
5.201322083394012367e-09
3.170079528249689344e-15
9.783579000641387524e-02
1.344858863237182364e-15
4.424723471049008677e-02
7.162655728994157433e-09
6.003899213518561007e-06
4.606799811733474608e-29
1.851670630515375449e-01
6.270398200283231567e-04
3.655458979862463709e-01
4.284976866923139414e-03
8.583265198492638908e-05
1.096398613754477374e-08
1.605583467143799391e-03
6.542225656851727181e-09
1.995170327835728841e-01
5.770267650881036528e-09
2.759791372726054515e-02
4.695126906556308850e-04
1.792658039525934751e-03
8.533870414827786854e-06
2.013372929506334064e-01
3.944740122944019947e-03
9.922007041649648362e-02
3.606138679855989265e-02
8.511114053046852326e-07
1.267775279931274493e-02
1.248727344319692928e-01
5.969572005346724178e-03
1.176265756870065542e-12
3.453189892554186331e-04
1.693876639984894825e-10
9.977274084683186888e-06
4.132236067206843111e-02
6.279630108591659691e-11
4.429335664569899328e-02
7.144163673227482824e-37
5.137426607705417502e-07
5.238266479420617588e-18
5.732049915835450982e-01
1.248105497960126931e-01
6.328731160069714194e-03
1.072539595617470337e-01
3.656338194922949063e-04
5.152462784702072112e-12
3.775136423087488424e-01
3.750725712581738369e-01
5.538356085810720170e-02
1.428222244538940377e-14
1.128914654340010780e-02
5.637200021426504171e-02
4.196245129903231064e-02
2.806101622983534118e-05
6.837553609562684569e-14
1.000000000000000000e+00
3.333087966658547230e-01
9.471995709223337715e-16
6.495623774203150277e-08
2.589626120876837006e-03
5.182715163211958076e-02
1.010308753267056756e-02
3.775168453084373765e-02
1.881838204433675388e-01
7.953365907452720948e-08
1.724810467801896618e-01
1.215570517476608186e-04
6.296625427237558838e-03
8.662962329265557274e-03
8.105320363353488443e-06
1.125967414678415835e-04
2.079768798803240115e-01
3.089854070934338530e-07
1.324494801155902124e-01
6.086411761263614550e-02
4.725527180881295927e-04
8.787835037992868594e-17
6.349579590201300319e-04
2.453341008957932848e-15
6.827451977632295588e-13
5.588972109258040499e-02
7.542294536720486886e-02
1.563679294443343202e-06
2.117030033089172413e-12
1.117404763204326570e-03
2.371053007278824977e-05
1.868527452754935073e-14
3.112467665282004427e-09
7.086269845764370245e-02
1.424291627040129293e-04
2.951969217606542731e-16
1.261429340287083422e-06
1.852716577694166112e-07
4.642605715024657187e-02
1.711659189679783089e-01
5.699581634714878664e-02
4.580662746491599019e-02
2.805264895294140454e-05
2.115110388866056346e-01
5.800329603550189589e-02
1.166074531194231576e-04
7.125328682322962237e-02
2.322859169099365517e-01
3.724650043522242482e-05
1.060139987637422151e-05
7.500846932433682170e-07
1.163296361728661398e-04
1.869862163337553899e-03
5.238731615586100267e-03
1.920546773602914772e-02
1.270524971677856052e-01
1.249921996141144069e-02
5.512696151959148218e-07
1.432356203821857476e-04
1.787661224834728446e-01
5.388157917047047654e-06
1.495133932814885122e-11
2.138332477388951713e-01
2.745760342911894668e-07
1.491816924198876421e-04
7.663462006163866476e-12
9.121794727654366507e-06
9.870212320738598610e-02
3.151805252190470474e-01
6.335952469860489167e-05
8.538997796261742255e-11
1.168848377351153960e-05
1.759559571760841226e-02
1.547791675504032086e-05
7.601153793738134166e-14
2.140329199137149321e-02
7.755727697035329416e-09
3.754219581165114950e-02
2.322069994816495088e-04
6.053585373177432921e-63
3.117288810321856007e-01
2.864940658453363906e-05
3.884752454037713023e-04
1.460211723053370103e-01
1.097471541011418048e-04
1.559399591149369380e-01
8.981378383642756383e-03
1.327927672372962720e-01
5.073107098751030288e-05
5.046898317020669794e-02
2.080134126732830808e-08
5.720361459642708944e-08
1.713796640781919891e-15
1.621764950129411520e-01
4.636650158950804420e-10
4.987370429576641923e-11
2.710167861917880806e-08
8.765972312551923148e-09
1.810063252766432595e-01
7.863358920480106873e-02
1.347085801044915071e-02
1.834644801730206942e-01
7.694519771577505388e-07
8.973036840725193310e-06
2.698452779194171914e-04
9.796943897379836730e-02
4.570245859672467403e-06
6.202498219344167174e-02
1.648289070775238452e-01
1.589030111627826730e-03
4.094667063103233501e-02
1.480584621675581957e-03
7.660348402463101058e-07
5.371515024843656907e-07
1.019929007971035582e-10
1.226473099976735648e-01
8.449441040569863337e-02
2.553262500905343646e-06
5.351871116323508870e-02
5.180795170255415233e-07
1.734721254141652766e-19
1.958705137684088107e-15
4.698603966299307126e-06
7.725822847669469236e-20
1.055600882023828693e-05
1.173874145078396930e-10
1.072112905387109967e-04
2.421678633586695772e-01
7.545901124606455186e-03
4.855561962447595735e-07
1.037804920370181683e-01
3.078506796596753303e-01
2.564555770090910097e-02
8.505471677397625410e-16
4.804758740144282614e-01
3.635098012618958596e-01
6.671182564260478287e-01
1.294698549293046286e-01
2.483338502129319505e-07
6.012320608960795149e-02
1.879061836876404146e-15
2.667772951106413017e-08
1.120962061730954723e-02
3.673641862302717571e-03
7.180175535837369221e-08
7.513343423723214953e-02
6.632994524626989350e-07
5.794882960444010939e-02
6.594146485990664761e-04
4.722415943808675707e-06
9.916794208272518285e-02
8.560130337353165364e-02
8.636769084823990583e-02
9.249416056429743405e-02
1.651057691039795744e-02
6.643061209923776418e-11
2.944402244731812376e-02
1.566505140375312839e-26
1.682123433610398816e-15
6.409255174927996771e-05
7.329835341018114611e-03
5.234728737049844241e-04
2.918236061035485718e-01
2.362898721177772877e-04
1.699131633751961664e-15
3.900214880110336544e-03
3.343197378474010929e-04
4.596896453619177649e-04
7.576350126527333627e-06
1.508449719435126196e-05
1.358402968997465821e-01
8.461923030111563604e-02
6.986781564807305056e-01
1.564064252425298535e-06
0.000000000000000000e+00
1.293404995379152655e-01
7.600771240186302354e-07
1.105142297901714148e-18
5.254231994521063104e-09
1.820376562112232532e-01
3.087021167169899546e-05
2.894133178884828857e-07
1.545860893649176747e-15
7.287718102254853170e-02
1.948045434677407378e-03
1.435616202663717119e-05
4.783545489681361482e-04
2.038467533940498989e-03
2.276060125318008084e-04
7.865666534705695409e-23
4.294954440002427947e-292
1.613680679092594536e-10
1.180723356672486743e-03
8.092951066814602079e-02
1.712139051117214852e-22
2.822301487287714791e-05
1.484527157980344847e-02
1.069877048198030201e-01
4.257083661724653527e-04
1.803184694707097441e-02
7.768833708556789619e-02
4.820591504235515606e-02
5.700500019590989259e-02
2.173421714549833438e-08
1.455452381709621156e-05
3.210697357949248787e-04
1.606393552696148141e-01
1.426997552795248899e-05
1.014808736554941983e-10
1.623620342614104928e-01
7.807727709451146858e-02
2.335394469825036077e-12
4.338577798939294294e-02
1.348022838298648749e-03
1.018680267083019763e-13
3.194500596687932913e-11
5.213416667477334399e-02
1.736968060624320210e-03
1.264427976338849870e-04
2.092024789335183870e-15
3.107385100595405255e-25
4.244266652326150191e-01
2.003637268945456646e-39
1.353569603485088151e-05
1.474347583137373225e-03
3.822936701443534509e-46
7.473396511309988999e-02
7.831176073168612251e-02
6.080340296641941616e-02
2.851338528094678863e-10
7.931490008080638310e-02
3.509428551747253988e-01
4.389844576154413192e-04
9.621050247606802768e-10
1.897798985416128681e-01
3.143876605600967600e-01
2.056740924316896937e-03
1.320687779834517905e-01
5.123220039136670548e-07
1.376680815856063944e-01
7.797197987982841142e-11
2.951237280501156713e-06
2.106443022624630290e-01
1.373901977041494249e-01
5.093477435555444547e-12
8.710673790436720965e-02
2.058578078434696035e-02
1.868691448404836697e-01
3.688412608445344309e-03
1.337594041692815485e-23
7.596701352379282585e-07
1.525368445528182682e-01
6.351622414641880376e-02
3.604531648440129511e-03
1.108120322833077106e-16
1.105291135658394456e-03
1.039163871531984319e-07
3.123997604838147507e-02
7.680205855816285565e-02
3.748872148688831203e-04
2.200830115995333211e-08
1.543162554669033071e-01
1.006163870324649524e-02
3.425520789948082179e-01
4.385421069076004402e-02
9.829882079117176329e-10
2.415886687529047371e-07
6.382908959794179882e-02
9.870041977614325602e-09
9.851774458142581459e-01
2.965467706822640936e-01
9.762449739595137701e-11
6.112438429966395720e-02
1.216331788368065008e-21
1.607047584117560131e-26
3.805969444989786843e-01
3.775448798348466362e-01
1.011057440700324849e-15
2.580464388073412385e-01
7.073558505685899323e-12
2.654598896713820577e-22
4.870514153854171515e-07
4.910665889852532384e-01
1.107632370058038137e-04
2.079821804079604801e-32
9.445184357643822415e-02
1.304827228980382989e-03
3.439593655525943977e-04
3.069447322669732192e-01
5.626745039509253171e-02
2.245077917410537076e-12
2.712394267384360473e-05
4.835454587321508235e-01
2.287100544729420495e-02
1.179792078408239445e-05
2.905605381567434687e-07
1.229603524002712583e-05
2.069492293576854098e-07
2.919096796258163935e-03
1.716648809535505533e-13
3.576544601590590788e-02
3.643003494676321646e-02
2.507947086195498247e-06
1.059852552461529994e-11
1.023531413921137840e-04
5.421968720751730955e-08
1.048836249590863424e-03
6.290110827123006343e-02
4.332578689849550524e-02
1.387323323658223584e-01
2.506673063099041920e-01
1.358805176031268126e-05
6.983181951126691493e-05
1.420678181806341554e-02
3.849548837281480118e-02
2.571790098099604321e-02
2.744837901702112254e-04
5.403940857456764047e-05
2.434545877301708683e-01
1.193385294885254272e-01
2.271937254561788030e-08
1.029859652028041958e-03
3.892330393844237874e-02
1.190015629706567981e-13
4.371421996548925474e-26
1.603467789653001971e-03
7.027026340540965645e-12
1.121400142419273771e-01
1.482453775633890155e-06
4.162290475104645643e-02
3.272777667328832427e-04
8.926940970660453001e-01
7.028265886274530014e-03
5.042818166329036391e-04
1.098015956476839689e-04
3.238311773339114003e-04
9.538457275826654758e-02
3.728383800417342520e-02
1.891270262097718979e-02
1.348346684429897634e-15
2.181564554762510932e-01
3.320261148700522514e-03
1.308315029519435289e-04
1.871316326326912331e-19
3.277954777926459591e-22
8.336698032833558143e-08
3.816022408608316187e-10
2.831676979117790302e-02
7.751487519444440200e-02
2.289405205479050631e-01
8.350339447533067921e-03
8.989382664480580310e-12
1.519739990173077648e-01
2.795282326977873155e-01
3.563222312099091904e-01
4.305530543015319463e-03
8.948150401142865029e-11
7.818209042246842781e-22
8.299935384601094066e-04
1.494629929483057481e-06
9.647504371761986275e-02
1.385295631788380742e-02
2.740339549358265765e-10
3.638127949801682798e-11
4.935534830947448150e-09
5.364030058111595044e-09
1.700783653789073382e-02
2.247023204085418470e-10
5.198356649373228690e-13
6.847983370311443163e-03
1.858118975770877215e-02
6.698912240635722661e-09
3.155808600890876864e-02
7.319336124580402836e-02
1.605248148244239059e-01
7.628893145360927809e-09
6.357177998081219115e-04
5.195648296120835424e-02
9.186325585505010494e-02
7.481001902599457853e-01
1.872470678717101014e-07
2.044405604008049937e-01
2.482910102608790556e-15
5.705355130047589379e-44
3.248317380967472219e-05
2.114703526824578961e-01
3.289569293750012058e-01
6.607835129836672555e-05
8.998671591407831374e-09
2.504954968116260630e-02
5.467265003752785615e-09
2.462154252193643623e-10
4.390303017015167834e-03
6.206080847189576755e-01
2.553767175297515412e-08
2.715740522073800466e-05
1.440537689032084449e-19
2.331525675508130659e-08
1.398235814141719768e-01
7.615480972071645841e-07
1.195846849350297586e-01
2.070064822726022380e-01
6.255416536636602243e-44
1.589570723167721236e-15
7.030416158980015231e-08
1.593380210777855620e-06
6.560664579848386746e-02
7.127114261903451036e-08
2.345799351485539975e-08
1.079596210589416350e-01
7.985549720445154695e-03
4.533850941034646143e-01
2.044879409772318280e-169
7.044711443180483139e-03
4.890759356933893835e-06
8.538875165563783764e-07
2.714990001188045954e-02
1.308433970030206889e-04
1.951905591986755192e-18
1.009016037530234178e-14
1.740225823985166098e-03
1.057920831824654075e-08
8.993655883934905196e-12
4.669958593472444704e-06
2.452752959943436393e-11
4.990871263346183858e-04
2.450726172492344312e-02
7.101544134110149061e-09
1.437178325484745083e-09
1.800346320936472135e-34
9.577584092091530055e-01
1.693536838406084746e-23
3.030176690306322085e-01
3.319676269104749429e-22
8.846765800732377116e-02
4.573308091493678043e-07
8.711862512788650581e-16
2.883213764167136690e-05
6.677502776638913318e-05
1.662861689874057906e-03
1.006851583928398374e-08
7.552454441602050178e-03
1.509732759082706805e-03
3.385149796287532849e-15
5.772689605680007031e-09
4.560412486834893453e-06
1.076239223275840364e-08
6.292229323135924146e-02
4.947368654073595051e-01
4.675674133981792824e-02
6.700569734123822396e-01
6.806550465239329384e-01
4.746673076585620395e-15
2.958474726252683032e-05
4.203919158743270323e-02
1.743687854978321905e-01
3.884295674197491772e-13
2.922242562429227209e-15
1.575714751106947233e-05
2.296373425144969821e-11
3.796974790875204038e-10
1.731495886307274799e-18
1.245360650045274371e-15
5.652927185588794284e-02
6.109190788837678271e-02
1.887439127738785652e-02
5.097700065145422624e-04
1.080456483868205253e-08
8.289515096372544667e-11
1.192557077411203573e-04
8.717258679874402128e-33
4.893285808254978085e-07
7.841691030102177642e-15
3.609238378957552867e-02
1.013042115079421603e-09
4.179488366198611526e-01
7.885955994655624579e-02
9.135517003574539219e-02
3.651508824409299692e-02
1.376387219206848256e-01
1.511913738183509257e-02
6.889616194947757689e-05
9.083397533380276057e-02
3.527822146896501532e-01
1.315927643270729284e-06
1.030674067339469868e-01
8.980350780638392261e-02
3.953522307726806129e-02
1.015331152441038993e-10
1.290889881374148166e-09
2.486777769434931340e-01
7.826869696450931835e-02
1.768770901213402233e-02
1.055498203229755415e-09
1.491460227695707631e-08
5.686894775960917655e-22
9.044118177116771389e-14
4.930726194163664866e-02
1.253795232176279737e-15
1.027413472032787239e-01
5.331556005637275858e-02
2.627437421258421073e-08
9.850964557469311344e-10
1.953305371152677938e-01
3.625880372072415574e-03
2.207549339301950603e-10
4.941559466882090162e-03
1.074330421438327289e-13
9.113866877615166284e-03
4.186877679977787600e-05
2.440967966736584116e-01
1.906636026067955635e-15
2.327776331082787500e-06
1.727120008196203224e-15
2.125093897196903558e-01
1.277947110591428903e-01
1.741680696254918961e-02
1.983057957749588280e-03
3.278127551704421136e-10
4.714926060242671170e-06
1.504000920720708345e-01
5.593943176808673007e-11
2.906169899685921709e-02
1.394976332657066743e-04
2.919015645836246746e-24
9.305512153275281478e-15
1.920262730747133642e-20
1.749580424826289171e-01
8.289272742799387583e-02
1.986812515294938408e-01
4.787188125855953991e-02
3.723823939331864508e-01
1.600798362370724204e-02
1.572405125808789758e-02
6.280009362069031986e-02
1.679367557358339147e-01
1.813105202995201615e-01
5.715889458603889278e-03
5.642878908952487366e-02
6.000633965103949197e-02
1.315144646793546257e-01
8.878299643566490984e-02
6.663415574195148317e-07
6.061085540917410253e-01
6.373976790047182131e-08
1.550835750098414345e-01
3.514439532421200205e-40
1.682464371554696914e-02
2.675017863716153547e-15
4.394909252632073215e-01
1.394346896528141366e-01
7.820913433326219813e-10
2.107432916564153103e-02
1.190310827645833420e-15
1.451839721185601596e-03
5.168578303993783644e-06
2.740871865470717562e-23
2.096214744533692054e-02
8.664003003513320137e-06
3.000921570641584268e-01
6.052348576124396190e-07
2.240090209408973076e-01
5.084871828142998457e-02
3.031890423252978431e-02
7.711884803442350261e-05
1.421292630295348362e-05
2.751865678522554814e-01
4.153200962621815540e-02
2.261579491526825858e-01
2.231278987995292951e-02
8.989581967847245201e-15
2.037352838231740832e-04
7.632081554828252790e-01
4.906576075749197186e-02
4.190734092765978636e-01
1.451292699101950777e-04
4.763421659762342997e-02
4.437180054148028019e-02
5.328687737282706421e-02
3.157826603307257174e-01
8.782936972967735057e-05
2.506369504304147532e-03
1.072267439990712001e-01
1.627598557064164194e-21
3.433283657345067436e-02
2.736046595485810973e-01
3.114498501702740420e-08
4.007246817004735395e-01
4.950210164853501016e-02
2.501567866897132508e-01
3.240503180240785181e-44
1.225381850819983083e-02
8.885060222701451002e-21
3.293136695811757719e-07
5.633578168754064391e-02
6.321675545233209834e-03
2.494613118712907136e-06
4.415513903028096433e-20
2.758286906614803072e-04
9.533954126847723620e-14
1.652470476878065013e-10
2.570457403609679448e-01
2.877187248093219241e-01
2.001016258680672522e-11
2.063964634460857215e-10
4.594914772353017041e-01
4.806436845926242984e-02
1.514075971546822719e-01
7.288565894924685894e-03
5.733946086956551673e-09
2.065537786025863423e-02
2.725483200171364650e-07
3.011367285254815673e-01
1.465093572708453529e-01
2.094585789546599108e-10
1.214175819405031515e-12
3.809879945960175274e-04
8.872374823218011672e-06
1.674431104804132223e-02
4.843433396734245916e-02
1.100529720347511869e-01
3.515433696036616464e-04
8.493256413428464447e-07
2.711208582531128043e-04
1.260432344520043205e-12
1.038527141717590300e-08
2.730131909826655855e-08
4.703177848946051010e-02
1.114886975354195328e-02
6.515306741533440072e-05
6.913617151854411007e-09
1.267957932597920528e-02
1.301550469886728068e-01
2.799267812505002763e-03
1.064135336782046577e-19
2.370728278184823512e-01
5.562925399025861863e-04
1.444917287429284400e-06
2.423576616150316089e-08
2.247912850120687721e-06
1.333423077273813706e-01
1.453926440047961917e-06
5.705236881881469574e-02
4.784216139368674549e-07
7.501502412416678756e-02
2.758892726560618347e-01
5.783809761243465832e-04
1.819120961800087673e-07
4.161257744315468438e-02
8.358731325471180362e-02
3.945520131634790953e-04
3.320386877323067143e-01
1.976945835295327523e-07
4.015548229452787468e-04
1.610498406025534096e-15
8.084609635104750280e-02
6.455911009055342497e-08
2.279912616912618262e-01
1.335101008200702327e-05
1.071515808876491709e-03
8.023404259204746085e-06
4.976605366349171661e-07
9.245767003044868295e-07
1.640596666266367880e-05
3.622694041659234587e-01
7.839467036698019028e-06
4.298741374372117481e-08
4.661462298139889301e-04
1.720194777923715969e-06
3.009346599371216791e-02
2.809572932139804416e-15
1.951599811025791498e-01
1.332494061290608878e-01
8.966696692062848277e-07
6.318782251206314161e-05
1.159679268498019988e-05
4.558353633251057691e-01
2.267709628743488557e-04
1.255763139070239213e-15
2.444384690954054806e-01
5.528917389893594511e-10
3.246652983323260427e-04
3.079034130918126277e-01
1.729564292189773655e-05
9.997298043598269855e-26
3.298619494498635752e-29
5.203641686678690120e-02
1.346634522494375985e-01
2.640638334002034515e-01
3.193120816392334250e-35
1.955035216175092516e-02
5.162777592559659231e-04
3.518288155043921422e-02
1.566485576860743856e-01
7.619819588515593307e-05
1.411982744058261543e-06
1.294633843855367283e-01
7.765556179426921326e-07
1.642989682992654701e-02
2.217731881404282068e-02
5.956095535698106326e-03
1.030037797832822295e-08
2.297613835227871049e-01
3.082345069747093352e-07
8.587318801327582001e-16
9.794577039893619223e-14
1.002955347831772698e-04
4.391740683912853660e-02
4.352649752294476618e-08
1.116617681885415756e-14
7.480054597333481862e-07
2.467795900711670075e-05
2.294784865453367712e-02
6.418490610360298720e-02
6.277190854440456612e-15
4.022202068934586635e-11
0.000000000000000000e+00
7.179561055328366470e-02
3.339877365307684486e-05
1.804700747938119219e-03
1.966268894682175768e-10
8.697961794498666577e-15
7.847082440458991534e-06
7.824280213721296340e-02
8.952655431046052281e-09
1.771792262479603142e-01
5.034725106111839988e-09
9.795924688834008675e-08
2.336766042521242043e-05
1.850961382543872256e-15
5.890008795393362681e-03
